Time,Channel A
(us),(V)

-2.02464093,-0.00033570
-2.01464093,-0.00939970
-2.00464094,-0.00939970
-1.99464094,-0.00033570
-1.98464094,-0.00939970
-1.97464094,-0.00033570
-1.96464094,-0.00033570
-1.95464094,-0.00939970
-1.94464094,-0.00033570
-1.93464094,-0.00033570
-1.92464094,-0.00033570
-1.91464094,-0.00033570
-1.90464094,-0.00033570
-1.89464094,-0.00033570
-1.88464094,-0.00033570
-1.87464094,-0.00033570
-1.86464094,-0.00033570
-1.85464094,-0.00939970
-1.84464094,-0.00939970
-1.83464094,-0.00939970
-1.82464094,-0.00939970
-1.81464094,-0.00939970
-1.80464094,-0.00033570
-1.79464094,-0.00033570
-1.78464094,-0.00033570
-1.77464094,-0.00033570
-1.76464094,-0.00033570
-1.75464094,-0.00033570
-1.74464094,-0.00939970
-1.73464094,-0.00939970
-1.72464094,-0.00939970
-1.71464094,-0.00939970
-1.70464094,-0.00033570
-1.69464094,-0.00033570
-1.68464094,-0.00033570
-1.67464094,-0.00033570
-1.66464094,-0.00033570
-1.65464094,-0.00939970
-1.64464094,-0.00939970
-1.63464094,-0.00939970
-1.62464094,-0.00939970
-1.61464094,-0.00033570
-1.60464094,-0.00033570
-1.59464094,-0.00033570
-1.58464094,-0.00033570
-1.57464094,-0.00033570
-1.56464094,-0.00033570
-1.55464094,-0.00033570
-1.54464094,-0.00033570
-1.53464094,-0.00033570
-1.52464094,-0.00033570
-1.51464094,-0.00939970
-1.50464094,-0.00033570
-1.49464094,-0.00033570
-1.48464094,-0.00939970
-1.47464094,-0.00033570
-1.46464094,-0.00033570
-1.45464094,-0.00033570
-1.44464094,-0.00033570
-1.43464094,-0.00939970
-1.42464094,-0.00033570
-1.41464094,-0.00939970
-1.40464094,-0.00939970
-1.39464094,-0.00033570
-1.38464094,-0.00033570
-1.37464094,-0.00033570
-1.36464094,-0.00033570
-1.35464094,-0.00033570
-1.34464094,-0.00033570
-1.33464094,-0.00033570
-1.32464094,-0.00033570
-1.31464094,-0.00033570
-1.30464094,-0.00939970
-1.29464094,-0.00033570
-1.28464094,-0.00033570
-1.27464094,-0.00033570
-1.26464094,-0.00033570
-1.25464094,-0.00033570
-1.24464094,-0.00033570
-1.23464094,-0.00033570
-1.22464094,-0.00033570
-1.21464094,-0.00033570
-1.20464094,-0.00033570
-1.19464094,-0.00033570
-1.18464094,-0.00033570
-1.17464094,-0.00033570
-1.16464094,-0.00033570
-1.15464094,-0.00939970
-1.14464094,-0.00033570
-1.13464094,-0.00033570
-1.12464094,-0.00033570
-1.11464094,-0.00033570
-1.10464094,-0.00033570
-1.09464094,-0.00033570
-1.08464094,-0.00033570
-1.07464094,-0.00033570
-1.06464094,-0.00939970
-1.05464094,-0.00033570
-1.04464094,-0.00939970
-1.03464094,-0.00033570
-1.02464094,-0.00033570
-1.01464094,-0.00033570
-1.00464094,-0.00033570
-0.99464094,-0.00033570
-0.98464094,-0.00033570
-0.97464094,-0.00033570
-0.96464094,-0.00033570
-0.95464094,-0.00939970
-0.94464094,-0.00033570
-0.93464094,-0.00033570
-0.92464094,-0.00033570
-0.91464094,-0.00939970
-0.90464094,-0.00033570
-0.89464094,-0.00939970
-0.88464094,-0.00939970
-0.87464094,-0.00033570
-0.86464094,-0.00033570
-0.85464094,-0.00033570
-0.84464094,-0.00033570
-0.83464094,-0.00033570
-0.82464094,-0.00033570
-0.81464094,-0.00939970
-0.80464094,-0.00033570
-0.79464094,-0.00033570
-0.78464094,-0.00033570
-0.77464094,-0.00033570
-0.76464094,-0.00033570
-0.75464094,-0.00033570
-0.74464094,-0.00033570
-0.73464094,-0.00033570
-0.72464094,-0.00033570
-0.71464094,0.01776177
-0.70464094,0.01776177
-0.69464094,-0.00033570
-0.68464094,-0.01843318
-0.67464094,-0.01843318
-0.66464094,-0.00939970
-0.65464094,-0.00033570
-0.64464094,-0.00033570
-0.63464094,-0.00033570
-0.62464094,-0.00033570
-0.61464094,-0.00033570
-0.60464094,-0.00033570
-0.59464094,-0.00033570
-0.58464094,-0.00033570
-0.57464094,-0.00033570
-0.56464094,-0.00033570
-0.55464094,-0.01843318
-0.54464094,-0.02746666
-0.53464094,-0.01843318
-0.52464094,-0.00033570
-0.51464094,0.01776177
-0.50464094,0.01776177
-0.49464094,0.00869778
-0.48464094,-0.00033570
-0.47464094,-0.00939970
-0.46464094,-0.00033570
-0.45464094,-0.00033570
-0.44464094,-0.00033570
-0.43464094,-0.00939970
-0.42464094,-0.01843318
-0.41464094,-0.00939970
-0.40464094,-0.00033570
-0.39464094,-0.00033570
-0.38464094,-0.00033570
-0.37464094,0.00869778
-0.36464094,-0.00033570
-0.35464095,-0.00033570
-0.34464095,-0.00939970
-0.33464095,-0.00939970
-0.32464095,-0.00033570
-0.31464095,-0.00939970
-0.30464095,-0.00939970
-0.29464095,-0.00939970
-0.28464095,-0.00033570
-0.27464095,-0.00033570
-0.26464095,-0.00939970
-0.25464095,-0.00033570
-0.24464095,-0.00033570
-0.23464095,-0.00033570
-0.22464095,-0.00033570
-0.21464095,-0.00033570
-0.20464095,-0.00033570
-0.19464095,-0.00033570
-0.18464095,-0.00033570
-0.17464095,-0.00033570
-0.16464095,-0.00033570
-0.15464095,-0.00033570
-0.14464095,-0.00033570
-0.13464095,-0.00939970
-0.12464095,-0.00033570
-0.11464095,-0.00939970
-0.10464095,-0.00939970
-0.09464095,-0.00033570
-0.08464095,-0.00033570
-0.07464095,-0.00033570
-0.06464095,-0.00033570
-0.05464095,-0.00033570
-0.04464095,-0.00033570
-0.03464095,-0.00939970
-0.02464095,-0.00939970
-0.01464095,-0.02746666
-0.00464095,-0.04556413
0.00535905,-0.07272561
0.01535905,-0.11795404
0.02535905,-0.16318247
0.03535905,-0.21747489
0.04535905,-0.27173680
0.05535905,-0.32602924
0.06535905,-0.37125766
0.07535905,-0.40745261
0.08535905,-0.43458357
0.09535905,-0.47077852
0.10535905,-0.48887601
0.11535905,-0.51600695
0.12535905,-0.53410441
0.13535905,-0.55220193
0.14535905,-0.57029939
0.15535905,-0.59743035
0.16535905,-0.61552781
0.17535905,-0.63362527
0.18535905,-0.64265877
0.19535905,-0.66075623
0.20535905,-0.66982025
0.21535905,-0.67885375
0.22535905,-0.68788719
0.23535905,-0.68788719
0.24535905,-0.68788719
0.25535905,-0.69695121
0.26535905,-0.69695121
0.27535905,-0.69695121
0.28535905,-0.69695121
0.29535905,-0.69695121
0.30535905,-0.68788719
0.31535905,-0.68788719
0.32535905,-0.68788719
0.33535905,-0.67885375
0.34535905,-0.66982025
0.35535905,-0.66982025
0.36535905,-0.66982025
0.37535905,-0.66075623
0.38535905,-0.65172279
0.39535905,-0.65172279
0.40535905,-0.64265877
0.41535905,-0.63362527
0.42535905,-0.63362527
0.43535905,-0.62456131
0.44535905,-0.61552781
0.45535905,-0.61552781
0.46535905,-0.60646379
0.47535905,-0.59743035
0.48535905,-0.59743035
0.49535905,-0.59743035
0.50535905,-0.57933289
0.51535905,-0.57933289
0.52535905,-0.56123537
0.53535905,-0.56123537
0.54535905,-0.56123537
0.55535905,-0.54313791
0.56535905,-0.54313791
0.57535905,-0.53410441
0.58535905,-0.52507097
0.59535905,-0.51600695
0.60535905,-0.51600695
0.61535905,-0.50697351
0.62535905,-0.49790949
0.63535905,-0.48887601
0.64535905,-0.48887601
0.65535905,-0.47981200
0.66535905,-0.47077852
0.67535905,-0.47077852
0.68535905,-0.46171454
0.69535905,-0.45268106
0.70535905,-0.44364756
0.71535905,-0.43458357
0.72535905,-0.42555010
0.73535905,-0.42555010
0.74535905,-0.41648608
0.75535905,-0.40745261
0.76535905,-0.39838862
0.77535905,-0.38935515
0.78535905,-0.38935515
0.79535905,-0.38032165
0.80535905,-0.38032165
0.81535905,-0.38032165
0.82535905,-0.37125766
0.83535905,-0.36222419
0.84535905,-0.36222419
0.85535905,-0.35316020
0.86535905,-0.34412670
0.87535905,-0.33506271
0.88535905,-0.33506271
0.89535905,-0.32602924
0.90535905,-0.32602924
0.91535905,-0.31696525
0.92535905,-0.31696525
0.93535905,-0.31696525
0.94535905,-0.30793175
0.95535905,-0.30793175
0.96535905,-0.29889828
0.97535905,-0.28983429
0.98535905,-0.28983429
0.99535905,-0.28983429
1.00535905,-0.28080082
1.01535905,-0.27173680
1.02535905,-0.27173680
1.03535905,-0.26270333
1.04535905,-0.26270333
1.05535905,-0.25363934
1.06535905,-0.25363934
1.07535905,-0.25363934
1.08535905,-0.25363934
1.09535905,-0.24460585
1.10535905,-0.23557237
1.11535905,-0.23557237
1.12535905,-0.23557237
1.13535905,-0.22650838
1.14535905,-0.22650838
1.15535905,-0.22650838
1.16535905,-0.22650838
1.17535905,-0.21747489
1.18535905,-0.22650838
1.19535905,-0.21747489
1.20535905,-0.21747489
1.21535905,-0.21747489
1.22535905,-0.21747489
1.23535905,-0.20841090
1.24535905,-0.19937742
1.25535905,-0.19937742
1.26535905,-0.19937742
1.27535905,-0.19937742
1.28535904,-0.19937742
1.29535904,-0.19031343
1.30535904,-0.19031343
1.31535904,-0.19031343
1.32535904,-0.18127994
1.33535904,-0.18127994
1.34535904,-0.18127994
1.35535904,-0.18127994
1.36535904,-0.18127994
1.37535904,-0.17221595
1.38535904,-0.17221595
1.39535904,-0.16318247
1.40535904,-0.16318247
1.41535904,-0.15414900
1.42535904,-0.15414900
1.43535904,-0.14508499
1.44535904,-0.14508499
1.45535904,-0.14508499
1.46535904,-0.13605152
1.47535904,-0.14508499
1.48535904,-0.14508499
1.49535904,-0.14508499
1.50535904,-0.14508499
1.51535904,-0.14508499
1.52535904,-0.15414900
1.53535904,-0.14508499
1.54535904,-0.14508499
1.55535904,-0.14508499
1.56535904,-0.14508499
1.57535904,-0.14508499
1.58535904,-0.13605152
1.59535904,-0.13605152
1.60535904,-0.12698752
1.61535904,-0.12698752
1.62535904,-0.12698752
1.63535904,-0.12698752
1.64535904,-0.12698752
1.65535904,-0.12698752
1.66535904,-0.12698752
1.67535904,-0.12698752
1.68535904,-0.12698752
1.69535904,-0.12698752
1.70535904,-0.11795404
1.71535904,-0.12698752
1.72535904,-0.12698752
1.73535904,-0.11795404
1.74535904,-0.12698752
1.75535904,-0.12698752
1.76535904,-0.11795404
1.77535904,-0.11795404
1.78535904,-0.11795404
1.79535904,-0.11795404
1.80535904,-0.11795404
1.81535904,-0.11795404
1.82535904,-0.10889004
1.83535904,-0.10889004
1.84535904,-0.10889004
1.85535904,-0.10889004
1.86535904,-0.10889004
1.87535904,-0.10889004
1.88535904,-0.10889004
1.89535904,-0.10889004
1.90535904,-0.10889004
1.91535904,-0.10889004
1.92535904,-0.10889004
1.93535904,-0.10889004
1.94535904,-0.10889004
1.95535904,-0.09985656
1.96535904,-0.10889004
1.97535904,-0.09985656
1.98535904,-0.09985656
1.99535904,-0.09985656
2.00535904,-0.09985656
2.01535904,-0.09985656
2.02535904,-0.09985656
2.03535904,-0.09082308
2.04535904,-0.09985656
2.05535904,-0.09082308
2.06535904,-0.09985656
2.07535904,-0.09985656
2.08535904,-0.09082308
2.09535904,-0.09082308
2.10535904,-0.09082308
2.11535904,-0.09985656
2.12535904,-0.09082308
2.13535904,-0.09082308
2.14535904,-0.09082308
2.15535904,-0.09082308
2.16535904,-0.09082308
2.17535904,-0.09082308
2.18535904,-0.09082308
2.19535904,-0.09082308
2.20535904,-0.08175909
2.21535904,-0.09082308
2.22535904,-0.08175909
2.23535904,-0.09082308
2.24535904,-0.09082308
2.25535904,-0.08175909
2.26535904,-0.09082308
2.27535904,-0.08175909
2.28535904,-0.08175909
2.29535904,-0.08175909
2.30535904,-0.08175909
2.31535904,-0.09082308
2.32535904,-0.09082308
2.33535904,-0.09082308
2.34535904,-0.08175909
2.35535904,-0.08175909
2.36535904,-0.09082308
2.37535904,-0.08175909
2.38535904,-0.08175909
2.39535904,-0.07272561
2.40535904,-0.07272561
2.41535904,-0.08175909
2.42535904,-0.07272561
2.43535904,-0.07272561
2.44535904,-0.07272561
2.45535904,-0.07272561
2.46535904,-0.07272561
2.47535904,-0.08175909
2.48535904,-0.08175909
2.49535904,-0.08175909
2.50535904,-0.08175909
2.51535904,-0.08175909
2.52535904,-0.08175909
2.53535904,-0.07272561
2.54535904,-0.07272561
2.55535904,-0.07272561
2.56535904,-0.07272561
2.57535904,-0.07272561
2.58535904,-0.07272561
2.59535904,-0.07272561
2.60535904,-0.07272561
2.61535904,-0.07272561
2.62535904,-0.07272561
2.63535904,-0.07272561
2.64535904,-0.08175909
2.65535904,-0.07272561
2.66535904,-0.07272561
2.67535904,-0.07272561
2.68535904,-0.07272561
2.69535904,-0.07272561
2.70535904,-0.06366161
2.71535904,-0.07272561
2.72535904,-0.07272561
2.73535904,-0.07272561
2.74535904,-0.07272561
2.75535904,-0.07272561
2.76535904,-0.07272561
2.77535904,-0.07272561
2.78535904,-0.07272561
2.79535904,-0.07272561
2.80535904,-0.07272561
2.81535904,-0.07272561
2.82535904,-0.07272561
2.83535904,-0.07272561
2.84535904,-0.07272561
2.85535904,-0.07272561
2.86535904,-0.07272561
2.87535904,-0.07272561
2.88535904,-0.07272561
2.89535904,-0.07272561
2.90535904,-0.07272561
2.91535904,-0.07272561
2.92535904,-0.07272561
2.93535903,-0.07272561
2.94535903,-0.07272561
2.95535903,-0.07272561
2.96535903,-0.06366161
2.97535903,-0.07272561
2.98535903,-0.06366161
2.99535903,-0.06366161
3.00535903,-0.06366161
3.01535903,-0.06366161
3.02535903,-0.06366161
3.03535903,-0.07272561
3.04535903,-0.07272561
3.05535903,-0.07272561
3.06535903,-0.06366161
3.07535903,-0.06366161
3.08535903,-0.06366161
3.09535903,-0.06366161
3.10535903,-0.06366161
3.11535903,-0.06366161
3.12535903,-0.05462813
3.13535903,-0.06366161
3.14535903,-0.06366161
3.15535903,-0.06366161
3.16535903,-0.06366161
3.17535903,-0.06366161
3.18535903,-0.06366161
3.19535903,-0.06366161
3.20535903,-0.06366161
3.21535903,-0.06366161
3.22535903,-0.06366161
3.23535903,-0.05462813
3.24535903,-0.06366161
3.25535903,-0.06366161
3.26535903,-0.06366161
3.27535903,-0.06366161
3.28535903,-0.06366161
3.29535903,-0.05462813
3.30535903,-0.05462813
3.31535903,-0.05462813
3.32535903,-0.05462813
3.33535903,-0.05462813
3.34535903,-0.05462813
3.35535903,-0.07272561
3.36535903,-0.07272561
3.37535903,-0.05462813
3.38535903,-0.05462813
3.39535903,-0.04556413
3.40535903,-0.05462813
3.41535903,-0.05462813
3.42535903,-0.05462813
3.43535903,-0.05462813
3.44535903,-0.05462813
3.45535903,-0.06366161
3.46535903,-0.06366161
3.47535903,-0.06366161
3.48535903,-0.06366161
3.49535903,-0.05462813
3.50535903,-0.05462813
3.51535903,-0.05462813
3.52535903,-0.04556413
3.53535903,-0.04556413
3.54535903,-0.06366161
3.55535903,-0.07272561
3.56535903,-0.06366161
3.57535903,-0.06366161
3.58535903,-0.05462813
3.59535903,-0.05462813
3.60535903,-0.06366161
3.61535903,-0.05462813
3.62535903,-0.05462813
3.63535903,-0.05462813
3.64535903,-0.05462813
3.65535903,-0.05462813
3.66535903,-0.05462813
3.67535903,-0.05462813
3.68535903,-0.06366161
3.69535903,-0.06366161
3.70535903,-0.05462813
3.71535903,-0.05462813
3.72535903,-0.05462813
3.73535903,-0.05462813
3.74535903,-0.05462813
3.75535903,-0.05462813
3.76535903,-0.05462813
3.77535903,-0.05462813
3.78535903,-0.05462813
3.79535903,-0.05462813
3.80535903,-0.05462813
3.81535903,-0.05462813
3.82535903,-0.05462813
3.83535903,-0.05462813
3.84535903,-0.05462813
3.85535903,-0.05462813
3.86535903,-0.05462813
3.87535903,-0.05462813
3.88535903,-0.05462813
3.89535903,-0.05462813
3.90535903,-0.05462813
3.91535903,-0.05462813
3.92535903,-0.05462813
3.93535903,-0.05462813
3.94535903,-0.05462813
3.95535903,-0.05462813
3.96535903,-0.05462813
3.97535903,-0.05462813
3.98535903,-0.05462813
3.99535903,-0.04556413
4.00535903,-0.05462813
4.01535903,-0.05462813
4.02535903,-0.05462813
4.03535903,-0.04556413
4.04535903,-0.04556413
4.05535903,-0.04556413
4.06535903,-0.05462813
4.07535903,-0.04556413
4.08535903,-0.04556413
4.09535903,-0.05462813
4.10535903,-0.04556413
4.11535903,-0.05462813
4.12535903,-0.05462813
4.13535903,-0.04556413
4.14535903,-0.04556413
4.15535903,-0.04556413
4.16535903,-0.04556413
4.17535903,-0.05462813
4.18535903,-0.05462813
4.19535903,-0.05462813
4.20535903,-0.04556413
4.21535903,-0.04556413
4.22535903,-0.04556413
4.23535903,-0.04556413
4.24535903,-0.04556413
4.25535903,-0.04556413
4.26535903,-0.04556413
4.27535903,-0.05462813
4.28535903,-0.05462813
4.29535903,-0.05462813
4.30535903,-0.04556413
4.31535903,-0.04556413
4.32535903,-0.04556413
4.33535903,-0.04556413
4.34535903,-0.05462813
4.35535903,-0.05462813
4.36535903,-0.05462813
4.37535903,-0.05462813
4.38535903,-0.05462813
4.39535903,-0.05462813
4.40535903,-0.04556413
4.41535903,-0.04556413
4.42535903,-0.04556413
4.43535903,-0.05462813
4.44535903,-0.05462813
4.45535903,-0.05462813
4.46535903,-0.04556413
4.47535903,-0.05462813
4.48535903,-0.05462813
4.49535903,-0.05462813
4.50535903,-0.05462813
4.51535903,-0.05462813
4.52535903,-0.05462813
4.53535903,-0.05462813
4.54535903,-0.05462813
4.55535903,-0.04556413
4.56535903,-0.03653065
4.57535902,-0.04556413
4.58535902,-0.04556413
4.59535902,-0.04556413
4.60535902,-0.05462813
4.61535902,-0.05462813
4.62535902,-0.05462813
4.63535902,-0.04556413
4.64535902,-0.04556413
4.65535902,-0.04556413
4.66535902,-0.04556413
4.67535902,-0.04556413
4.68535902,-0.05462813
4.69535902,-0.04556413
4.70535902,-0.04556413
4.71535902,-0.04556413
4.72535902,-0.04556413
4.73535902,-0.04556413
4.74535902,-0.04556413
4.75535902,-0.03653065
4.76535902,-0.03653065
4.77535902,-0.03653065
4.78535902,-0.04556413
4.79535902,-0.04556413
4.80535902,-0.04556413
4.81535902,-0.04556413
4.82535902,-0.04556413
4.83535902,-0.04556413
4.84535902,-0.04556413
4.85535902,-0.04556413
4.86535902,-0.03653065
4.87535902,-0.03653065
4.88535902,-0.03653065
4.89535902,-0.03653065
4.90535902,-0.04556413
4.91535902,-0.04556413
4.92535902,-0.04556413
4.93535902,-0.04556413
4.94535902,-0.04556413
4.95535902,-0.04556413
4.96535902,-0.04556413
4.97535902,-0.03653065
4.98535902,-0.03653065
4.99535902,-0.03653065
5.00535902,-0.03653065
5.01535902,-0.04556413
5.02535902,-0.04556413
5.03535902,-0.04556413
5.04535902,-0.04556413
5.05535902,-0.03653065
5.06535902,-0.03653065
5.07535902,-0.03653065
5.08535902,-0.03653065
5.09535902,-0.03653065
5.10535902,-0.04556413
5.11535902,-0.03653065
5.12535902,-0.03653065
5.13535902,-0.04556413
5.14535902,-0.03653065
5.15535902,-0.03653065
5.16535902,-0.03653065
5.17535902,-0.04556413
5.18535902,-0.03653065
5.19535902,-0.03653065
5.20535902,-0.02746666
5.21535902,-0.03653065
5.22535902,-0.04556413
5.23535902,-0.05462813
5.24535902,-0.05462813
5.25535902,-0.05462813
5.26535902,-0.04556413
5.27535902,-0.03653065
5.28535902,-0.03653065
5.29535902,-0.03653065
5.30535902,-0.03653065
5.31535902,-0.03653065
5.32535902,-0.04556413
5.33535902,-0.03653065
5.34535902,-0.03653065
5.35535902,-0.04556413
5.36535902,-0.05462813
5.37535902,-0.06366161
5.38535902,-0.05462813
5.39535902,-0.02746666
5.40535902,-0.01843318
5.41535902,-0.01843318
5.42535902,-0.03653065
5.43535902,-0.04556413
5.44535902,-0.04556413
5.45535902,-0.03653065
5.46535902,-0.03653065
5.47535902,-0.04556413
5.48535902,-0.04556413
5.49535902,-0.05462813
5.50535902,-0.04556413
5.51535902,-0.03653065
5.52535902,-0.03653065
5.53535902,-0.02746666
5.54535902,-0.02746666
5.55535902,-0.03653065
5.56535902,-0.04556413
5.57535902,-0.04556413
5.58535902,-0.03653065
5.59535902,-0.04556413
5.60535902,-0.04556413
5.61535902,-0.04556413
5.62535902,-0.03653065
5.63535902,-0.03653065
5.64535902,-0.02746666
5.65535902,-0.03653065
5.66535902,-0.03653065
5.67535902,-0.03653065
5.68535902,-0.03653065
5.69535902,-0.04556413
5.70535902,-0.03653065
5.71535902,-0.04556413
5.72535902,-0.03653065
5.73535902,-0.03653065
5.74535902,-0.03653065
5.75535902,-0.03653065
5.76535902,-0.03653065
5.77535902,-0.03653065
5.78535902,-0.03653065
5.79535902,-0.03653065
5.80535902,-0.03653065
5.81535902,-0.03653065
5.82535902,-0.03653065
5.83535902,-0.03653065
5.84535902,-0.03653065
5.85535902,-0.03653065
5.86535902,-0.03653065
5.87535902,-0.03653065
5.88535902,-0.03653065
5.89535902,-0.03653065
5.90535902,-0.03653065
5.91535902,-0.03653065
5.92535902,-0.03653065
5.93535902,-0.03653065
5.94535902,-0.03653065
5.95535902,-0.02746666
5.96535902,-0.03653065
5.97535902,-0.03653065
5.98535902,-0.02746666
5.99535902,-0.03653065
6.00535902,-0.03653065
6.01535902,-0.03653065
6.02535902,-0.03653065
6.03535902,-0.03653065
6.04535902,-0.03653065
6.05535902,-0.03653065
6.06535902,-0.03653065
6.07535902,-0.03653065
6.08535902,-0.03653065
6.09535902,-0.03653065
6.10535902,-0.03653065
6.11535902,-0.02746666
6.12535902,-0.03653065
6.13535902,-0.03653065
6.14535902,-0.03653065
6.15535902,-0.03653065
6.16535902,-0.03653065
6.17535902,-0.03653065
6.18535902,-0.03653065
6.19535902,-0.03653065
6.20535902,-0.03653065
6.21535902,-0.03653065
6.22535901,-0.03653065
6.23535901,-0.03653065
6.24535901,-0.03653065
6.25535901,-0.03653065
6.26535901,-0.03653065
6.27535901,-0.03653065
6.28535901,-0.03653065
6.29535901,-0.03653065
6.30535901,-0.03653065
6.31535901,-0.03653065
6.32535901,-0.03653065
6.33535901,-0.03653065
6.34535901,-0.03653065
6.35535901,-0.03653065
6.36535901,-0.03653065
6.37535901,-0.03653065
6.38535901,-0.03653065
6.39535901,-0.03653065
6.40535901,-0.03653065
6.41535901,-0.03653065
6.42535901,-0.03653065
6.43535901,-0.03653065
6.44535901,-0.02746666
6.45535901,-0.03653065
6.46535901,-0.03653065
6.47535901,-0.03653065
6.48535901,-0.03653065
6.49535901,-0.03653065
6.50535901,-0.03653065
6.51535901,-0.03653065
6.52535901,-0.03653065
6.53535901,-0.03653065
6.54535901,-0.03653065
6.55535901,-0.03653065
6.56535901,-0.02746666
6.57535901,-0.03653065
6.58535901,-0.03653065
6.59535901,-0.02746666
6.60535901,-0.02746666
6.61535901,-0.02746666
6.62535901,-0.03653065
6.63535901,-0.03653065
6.64535901,-0.03653065
6.65535901,-0.03653065
6.66535901,-0.03653065
6.67535901,-0.03653065
6.68535901,-0.02746666
6.69535901,-0.02746666
6.70535901,-0.02746666
6.71535901,-0.03653065
6.72535901,-0.02746666
6.73535901,-0.03653065
6.74535901,-0.03653065
6.75535901,-0.03653065
6.76535901,-0.02746666
6.77535901,-0.03653065
6.78535901,-0.02746666
6.79535901,-0.02746666
6.80535901,-0.03653065
6.81535901,-0.03653065
6.82535901,-0.02746666
6.83535901,-0.03653065
6.84535901,-0.02746666
6.85535901,-0.01843318
6.86535901,-0.01843318
6.87535901,-0.02746666
6.88535901,-0.02746666
6.89535901,-0.03653065
6.90535901,-0.03653065
6.91535901,-0.03653065
6.92535901,-0.02746666
6.93535901,-0.02746666
6.94535901,-0.03653065
6.95535901,-0.03653065
6.96535901,-0.02746666
6.97535901,-0.02746666
6.98535901,-0.03653065
6.99535901,-0.03653065
7.00535901,-0.03653065
7.01535901,-0.03653065
7.02535901,-0.03653065
7.03535901,-0.03653065
7.04535901,-0.03653065
7.05535901,-0.02746666
7.06535901,-0.02746666
7.07535901,-0.02746666
7.08535901,-0.02746666
7.09535901,-0.02746666
7.10535901,-0.03653065
7.11535901,-0.03653065
7.12535901,-0.03653065
7.13535901,-0.03653065
7.14535901,-0.02746666
7.15535901,-0.02746666
7.16535901,-0.03653065
7.17535901,-0.02746666
7.18535901,-0.02746666
7.19535901,-0.02746666
7.20535901,-0.03653065
7.21535901,-0.03653065
7.22535901,-0.03653065
7.23535901,-0.03653065
7.24535901,-0.02746666
7.25535901,-0.02746666
7.26535901,-0.02746666
7.27535901,-0.02746666
7.28535901,-0.02746666
7.29535901,-0.03653065
7.30535901,-0.03653065
7.31535901,-0.02746666
7.32535901,-0.03653065
7.33535901,-0.02746666
7.34535901,-0.02746666
7.35535901,-0.01843318
7.36535901,-0.02746666
7.37535901,-0.02746666
7.38535901,-0.02746666
7.39535901,-0.02746666
7.40535901,-0.03653065
7.41535901,-0.02746666
7.42535901,-0.02746666
7.43535901,-0.02746666
7.44535901,-0.02746666
7.45535901,-0.02746666
7.46535901,-0.02746666
7.47535901,-0.02746666
7.48535901,-0.02746666
7.49535901,-0.02746666
7.50535901,-0.02746666
7.51535901,-0.02746666
7.52535901,-0.02746666
7.53535901,-0.02746666
7.54535901,-0.02746666
7.55535901,-0.02746666
7.56535901,-0.02746666
7.57535901,-0.02746666
7.58535901,-0.02746666
7.59535901,-0.02746666
7.60535901,-0.01843318
7.61535901,-0.01843318
7.62535901,-0.01843318
7.63535901,-0.01843318
7.64535901,-0.02746666
7.65535901,-0.01843318
7.66535901,-0.02746666
7.67535901,-0.02746666
7.68535901,-0.01843318
7.69535901,-0.02746666
7.70535901,-0.02746666
7.71535901,-0.02746666
7.72535901,-0.02746666
7.73535901,-0.01843318
7.74535901,-0.02746666
7.75535901,-0.02746666
7.76535901,-0.01843318
7.77535901,-0.02746666
7.78535901,-0.02746666
7.79535901,-0.02746666
7.80535901,-0.02746666
7.81535901,-0.02746666
7.82535901,-0.02746666
7.83535901,-0.02746666
7.84535901,-0.02746666
7.85535901,-0.02746666
7.86535900,-0.02746666
7.87535900,-0.02746666
7.88535900,-0.02746666
7.89535900,-0.02746666
7.90535900,-0.02746666
7.91535900,-0.02746666
7.92535900,-0.02746666
7.93535900,-0.02746666
7.94535900,-0.02746666
7.95535900,-0.02746666
7.96535900,-0.02746666
7.97535900,-0.02746666
7.98535900,-0.02746666
7.99535900,-0.02746666
8.00535900,-0.01843318
8.01535900,-0.01843318
8.02535900,-0.02746666
8.03535900,-0.02746666
8.04535900,-0.02746666
8.05535900,-0.02746666
8.06535900,-0.02746666
8.07535900,-0.01843318
8.08535900,-0.01843318
8.09535900,-0.02746666
8.10535900,-0.02746666
8.11535900,-0.02746666
8.12535900,-0.02746666
8.13535900,-0.02746666
8.14535900,-0.02746666
8.15535900,-0.02746666
8.16535900,-0.02746666
8.17535900,-0.02746666
8.18535900,-0.02746666
8.19535900,-0.02746666
8.20535900,-0.02746666
8.21535900,-0.01843318
8.22535900,-0.01843318
8.23535900,-0.01843318
8.24535900,-0.02746666
8.25535900,-0.01843318
8.26535900,-0.01843318
8.27535900,-0.02746666
8.28535900,-0.02746666
8.29535900,-0.02746666
8.30535900,-0.02746666
8.31535900,-0.02746666
8.32535900,-0.01843318
8.33535900,-0.02746666
8.34535900,-0.02746666
8.35535900,-0.02746666
8.36535900,-0.01843318
8.37535900,-0.02746666
8.38535900,-0.01843318
8.39535900,-0.01843318
8.40535900,-0.01843318
8.41535900,-0.02746666
8.42535900,-0.01843318
8.43535900,-0.01843318
8.44535900,-0.01843318
8.45535900,-0.02746666
8.46535900,-0.02746666
8.47535900,-0.01843318
8.48535900,-0.01843318
8.49535900,-0.01843318
8.50535900,-0.01843318
8.51535900,-0.01843318
8.52535900,-0.01843318
8.53535900,-0.02746666
8.54535900,-0.02746666
8.55535900,-0.02746666
8.56535900,-0.01843318
8.57535900,-0.02746666
8.58535900,-0.01843318
8.59535900,-0.02746666
8.60535900,-0.01843318
8.61535900,-0.01843318
8.62535900,-0.01843318
8.63535900,-0.01843318
8.64535900,-0.01843318
8.65535900,-0.01843318
8.66535900,-0.01843318
8.67535900,-0.01843318
8.68535900,-0.01843318
8.69535900,-0.01843318
8.70535900,-0.01843318
8.71535900,-0.02746666
8.72535900,-0.01843318
8.73535900,-0.01843318
8.74535900,-0.01843318
8.75535900,-0.01843318
8.76535900,-0.02746666
8.77535900,-0.01843318
8.78535900,-0.02746666
8.79535900,-0.02746666
8.80535900,-0.02746666
8.81535900,-0.01843318
8.82535900,-0.01843318
8.83535900,-0.01843318
8.84535900,-0.01843318
8.85535900,-0.01843318
8.86535900,-0.01843318
8.87535900,-0.02746666
8.88535900,-0.01843318
8.89535900,-0.01843318
8.90535900,-0.01843318
8.91535900,-0.01843318
8.92535900,-0.01843318
8.93535900,-0.01843318
8.94535900,-0.01843318
8.95535900,-0.01843318
8.96535900,-0.01843318
8.97535900,-0.01843318
8.98535900,-0.01843318
8.99535900,-0.01843318
9.00535900,-0.02746666
9.01535900,-0.01843318
9.02535900,-0.01843318
9.03535900,-0.01843318
9.04535900,-0.01843318
9.05535900,-0.01843318
9.06535900,-0.01843318
9.07535900,-0.01843318
9.08535900,-0.01843318
9.09535900,-0.02746666
9.10535900,-0.01843318
9.11535900,-0.01843318
9.12535900,-0.01843318
9.13535900,-0.01843318
9.14535900,-0.01843318
9.15535900,-0.01843318
9.16535900,-0.01843318
9.17535900,-0.01843318
9.18535900,-0.01843318
9.19535900,-0.01843318
9.20535900,-0.02746666
9.21535900,-0.01843318
9.22535900,-0.01843318
9.23535900,-0.01843318
9.24535900,-0.01843318
9.25535900,-0.01843318
9.26535900,-0.01843318
9.27535900,-0.01843318
9.28535900,-0.01843318
9.29535900,-0.01843318
9.30535900,-0.01843318
9.31535900,-0.01843318
9.32535900,-0.01843318
9.33535900,-0.03653065
9.34535900,-0.02746666
9.35535900,-0.01843318
9.36535900,-0.01843318
9.37535900,-0.00939970
9.38535900,-0.01843318
9.39535900,-0.01843318
9.40535900,-0.00939970
9.41535900,-0.00939970
9.42535900,-0.01843318
9.43535900,-0.01843318
9.44535900,-0.03653065
9.45535900,-0.02746666
9.46535900,-0.03653065
9.47535900,-0.01843318
9.48535900,-0.00939970
9.49535900,-0.00033570
9.50535900,0.00869778
9.51535899,-0.00033570
9.52535899,-0.02746666
9.53535899,-0.03653065
9.54535899,-0.03653065
9.55535899,-0.03653065
9.56535899,-0.02746666
9.57535899,-0.02746666
9.58535899,-0.02746666
9.59535899,-0.01843318
9.60535899,-0.00939970
9.61535899,-0.00939970
9.62535899,-0.01843318
9.63535899,-0.01843318
9.64535899,-0.01843318
9.65535899,-0.02746666
9.66535899,-0.02746666
9.67535899,-0.02746666
9.68535899,-0.01843318
9.69535899,-0.01843318
9.70535899,-0.01843318
9.71535899,-0.01843318
9.72535899,-0.01843318
9.73535899,-0.01843318
9.74535899,-0.01843318
9.75535899,-0.01843318
9.76535899,-0.01843318
9.77535899,-0.01843318
9.78535899,-0.01843318
9.79535899,-0.01843318
9.80535899,-0.01843318
9.81535899,-0.01843318
9.82535899,-0.01843318
9.83535899,-0.01843318
9.84535899,-0.02746666
9.85535899,-0.01843318
9.86535899,-0.01843318
9.87535899,-0.01843318
9.88535899,-0.01843318
9.89535899,-0.01843318
9.90535899,-0.01843318
9.91535899,-0.01843318
9.92535899,-0.01843318
9.93535899,-0.01843318
9.94535899,-0.01843318
9.95535899,-0.01843318
9.96535899,-0.01843318
9.97535899,-0.01843318
9.98535899,-0.01843318
9.99535899,-0.01843318
10.00535899,-0.01843318
10.01535899,-0.01843318
10.02535899,-0.01843318
10.03535899,-0.00939970
10.04535899,-0.01843318
10.05535899,-0.01843318
10.06535899,-0.01843318
10.07535899,-0.01843318
10.08535899,-0.01843318
10.09535899,-0.01843318
10.10535899,-0.01843318
10.11535899,-0.01843318
10.12535899,-0.01843318
10.13535899,-0.01843318
10.14535899,-0.00939970
10.15535899,-0.01843318
10.16535899,-0.01843318
10.17535899,-0.01843318
10.18535899,-0.01843318
10.19535899,-0.01843318
10.20535899,-0.01843318
10.21535899,-0.01843318
10.22535899,-0.01843318
10.23535899,-0.01843318
10.24535899,-0.01843318
10.25535899,-0.01843318
10.26535899,-0.01843318
10.27535899,-0.01843318
10.28535899,-0.01843318
10.29535899,-0.01843318
10.30535899,-0.01843318
10.31535899,-0.01843318
10.32535899,-0.01843318
10.33535899,-0.01843318
10.34535899,-0.01843318
10.35535899,-0.01843318
10.36535899,-0.01843318
10.37535899,-0.01843318
10.38535899,-0.01843318
10.39535899,-0.01843318
10.40535899,-0.01843318
10.41535899,-0.01843318
10.42535899,-0.01843318
10.43535899,-0.01843318
10.44535899,-0.01843318
10.45535899,-0.01843318
10.46535899,-0.01843318
10.47535899,-0.01843318
10.48535899,-0.01843318
10.49535899,-0.01843318
10.50535899,-0.01843318
10.51535899,-0.01843318
10.52535899,-0.00939970
10.53535899,-0.00939970
10.54535899,-0.01843318
10.55535899,-0.01843318
10.56535899,-0.01843318
10.57535899,-0.01843318
10.58535899,-0.01843318
10.59535899,-0.01843318
10.60535899,-0.01843318
10.61535899,-0.01843318
10.62535899,-0.01843318
10.63535899,-0.00939970
10.64535899,-0.01843318
10.65535899,-0.01843318
10.66535899,-0.01843318
10.67535899,-0.01843318
10.68535899,-0.01843318
10.69535899,-0.01843318
10.70535899,-0.01843318
10.71535899,-0.01843318
10.72535899,-0.01843318
10.73535899,-0.01843318
10.74535899,-0.01843318
10.75535899,-0.01843318
10.76535899,-0.01843318
10.77535899,-0.00939970
10.78535899,-0.01843318
10.79535899,-0.01843318
10.80535899,-0.01843318
10.81535899,-0.01843318
10.82535899,-0.01843318
10.83535899,-0.01843318
10.84535899,-0.01843318
10.85535899,-0.01843318
10.86535899,-0.01843318
10.87535899,-0.01843318
10.88535899,-0.01843318
10.89535899,-0.01843318
10.90535899,-0.01843318
10.91535899,-0.00939970
10.92535899,-0.01843318
10.93535899,-0.01843318
10.94535899,-0.01843318
10.95535899,-0.01843318
10.96535899,-0.00939970
10.97535899,-0.01843318
10.98535899,-0.01843318
10.99535899,-0.01843318
11.00535899,-0.01843318
11.01535899,-0.01843318
11.02535899,-0.01843318
11.03535899,-0.01843318
11.04535899,-0.00939970
11.05535899,-0.00939970
11.06535899,-0.00939970
11.07535899,-0.01843318
11.08535899,-0.01843318
11.09535899,-0.01843318
11.10535899,-0.00939970
11.11535899,-0.01843318
11.12535899,-0.01843318
11.13535899,-0.01843318
11.14535899,-0.01843318
11.15535898,-0.01843318
11.16535898,-0.00939970
11.17535898,-0.00033570
11.18535898,0.00869778
11.19535898,-0.00033570
11.20535898,-0.01843318
11.21535898,-0.02746666
11.22535898,-0.02746666
11.23535898,-0.01843318
11.24535898,-0.01843318
11.25535898,-0.01843318
11.26535898,-0.01843318
11.27535898,-0.01843318
11.28535898,-0.01843318
11.29535898,-0.01843318
11.30535898,-0.01843318
11.31535898,-0.00939970
11.32535898,-0.00939970
11.33535898,-0.01843318
11.34535898,-0.02746666
11.35535898,-0.03653065
11.36535898,-0.01843318
11.37535898,-0.00033570
11.38535898,0.00869778
11.39535898,-0.00033570
11.40535898,-0.00939970
11.41535898,-0.01843318
11.42535898,-0.01843318
11.43535898,-0.01843318
11.44535898,-0.01843318
11.45535898,-0.01843318
11.46535898,-0.01843318
11.47535898,-0.01843318
11.48535898,-0.01843318
11.49535898,-0.01843318
11.50535898,-0.01843318
11.51535898,-0.00033570
11.52535898,-0.00939970
11.53535898,-0.01843318
11.54535898,-0.01843318
11.55535898,-0.01843318
11.56535898,-0.00939970
11.57535898,-0.00939970
11.58535898,-0.00939970
11.59535898,-0.01843318
11.60535898,-0.00939970
11.61535898,-0.00939970
11.62535898,-0.00939970
11.63535898,-0.00939970
11.64535898,-0.01843318
11.65535898,-0.01843318
11.66535898,-0.01843318
11.67535898,-0.01843318
11.68535898,-0.01843318
11.69535898,-0.00939970
11.70535898,-0.01843318
11.71535898,-0.01843318
11.72535898,-0.01843318
11.73535898,-0.00033570
11.74535898,-0.00033570
11.75535898,-0.01843318
11.76535898,-0.02746666
11.77535898,-0.01843318
11.78535898,-0.00939970
11.79535898,-0.00939970
11.80535898,-0.01843318
11.81535898,-0.01843318
11.82535898,-0.01843318
11.83535898,-0.00939970
11.84535898,-0.00033570
11.85535898,-0.00939970
11.86535898,-0.00939970
11.87535898,-0.01843318
11.88535898,-0.01843318
11.89535898,-0.01843318
11.90535898,-0.00939970
11.91535898,-0.00939970
11.92535898,-0.00939970
11.93535898,-0.00939970
11.94535898,-0.00033570
11.95535898,-0.00033570
11.96535898,-0.00939970
11.97535898,-0.01843318
11.98535898,-0.01843318
11.99535898,-0.02746666
12.00535898,-0.01843318
12.01535898,-0.01843318
12.02535898,-0.00939970
12.03535898,-0.00939970
12.04535898,-0.00033570
12.05535898,-0.00033570
12.06535898,-0.00033570
12.07535898,-0.01843318
12.08535898,-0.01843318
12.09535898,-0.01843318
12.10535898,-0.01843318
12.11535898,-0.01843318
12.12535898,-0.00939970
12.13535898,-0.00033570
12.14535898,-0.00033570
12.15535898,-0.00033570
12.16535898,-0.00939970
12.17535898,-0.00939970
12.18535898,-0.01843318
12.19535898,-0.01843318
12.20535898,-0.01843318
12.21535898,-0.01843318
12.22535898,-0.01843318
12.23535898,-0.00033570
12.24535898,-0.00939970
12.25535898,-0.00033570
12.26535898,-0.00939970
12.27535898,-0.01843318
12.28535898,-0.01843318
12.29535898,-0.01843318
12.30535898,-0.01843318
12.31535898,-0.01843318
12.32535898,-0.01843318
12.33535898,-0.00939970
12.34535898,-0.00939970
12.35535898,-0.00939970
12.36535898,-0.00939970
12.37535898,-0.00939970
12.38535898,-0.00939970
12.39535898,-0.00939970
12.40535898,-0.01843318
12.41535898,-0.01843318
12.42535898,-0.00939970
12.43535898,-0.00939970
12.44535898,-0.00939970
12.45535898,-0.00939970
12.46535898,-0.01843318
12.47535898,-0.01843318
12.48535898,-0.01843318
12.49535898,-0.01843318
12.50535898,-0.01843318
12.51535898,-0.00939970
12.52535898,-0.00939970
12.53535898,-0.00939970
12.54535898,-0.00939970
12.55535898,-0.00939970
12.56535898,-0.00939970
12.57535898,-0.01843318
12.58535898,-0.01843318
12.59535898,-0.00939970
12.60535898,-0.00939970
12.61535898,-0.00939970
12.62535898,-0.00939970
12.63535898,-0.01843318
12.64535898,-0.00939970
12.65535898,-0.01843318
12.66535898,-0.01843318
12.67535898,-0.00939970
12.68535898,-0.00939970
12.69535898,-0.01843318
12.70535898,-0.00939970
12.71535898,-0.00939970
12.72535898,-0.00939970
12.73535898,-0.00939970
12.74535898,-0.00939970
12.75535898,-0.00939970
12.76535898,-0.01843318
12.77535898,-0.01843318
12.78535898,-0.01843318
12.79535898,-0.01843318
12.80535897,-0.01843318
12.81535897,-0.00939970
12.82535897,-0.00939970
12.83535897,-0.00939970
12.84535897,-0.00939970
12.85535897,-0.00939970
12.86535897,-0.00939970
12.87535897,-0.01843318
12.88535897,-0.01843318
12.89535897,-0.00939970
12.90535897,-0.00939970
12.91535897,-0.00939970
12.92535897,-0.00939970
12.93535897,-0.00939970
12.94535897,-0.00939970
12.95535897,-0.01843318
12.96535897,-0.00939970
12.97535897,-0.00939970
12.98535897,-0.00939970
12.99535897,-0.00939970
13.00535897,-0.00939970
13.01535897,-0.00939970
13.02535897,-0.00939970
13.03535897,-0.00939970
13.04535897,-0.00939970
13.05535897,-0.00939970
13.06535897,-0.00939970
13.07535897,-0.00939970
13.08535897,-0.01843318
13.09535897,-0.00939970
13.10535897,-0.00939970
13.11535897,-0.00939970
13.12535897,-0.00939970
13.13535897,-0.00939970
13.14535897,-0.00939970
13.15535897,-0.00939970
13.16535897,-0.00939970
13.17535897,-0.00939970
13.18535897,-0.00939970
13.19535897,-0.00939970
13.20535897,-0.00939970
13.21535897,-0.00939970
13.22535897,-0.01843318
13.23535897,-0.01843318
13.24535897,-0.01843318
13.25535897,-0.01843318
13.26535897,-0.01843318
13.27535897,-0.00939970
13.28535897,-0.00939970
13.29535897,-0.00939970
13.30535897,-0.00939970
13.31535897,-0.00939970
13.32535897,-0.00939970
13.33535897,-0.00939970
13.34535897,-0.00939970
13.35535897,-0.00939970
13.36535897,-0.00939970
13.37535897,-0.00939970
13.38535897,-0.00939970
13.39535897,-0.00939970
13.40535897,-0.01843318
13.41535897,-0.01843318
13.42535897,-0.01843318
13.43535897,-0.00939970
13.44535897,-0.00939970
13.45535897,-0.01843318
13.46535897,-0.00939970
13.47535897,-0.00033570
13.48535897,-0.00939970
13.49535897,-0.00939970
13.50535897,-0.00939970
13.51535897,-0.01843318
13.52535897,-0.00939970
13.53535897,-0.00939970
13.54535897,-0.01843318
13.55535897,-0.00939970
13.56535897,-0.00939970
13.57535897,-0.00939970
13.58535897,-0.01843318
13.59535897,-0.01843318
13.60535897,-0.00939970
13.61535897,-0.00939970
13.62535897,-0.01843318
13.63535897,-0.01843318
13.64535897,-0.00939970
13.65535897,-0.00939970
13.66535897,-0.01843318
13.67535897,-0.00939970
13.68535897,-0.00939970
13.69535897,-0.00939970
13.70535897,-0.01843318
13.71535897,-0.00939970
13.72535897,-0.00033570
13.73535897,-0.00939970
13.74535897,-0.01843318
13.75535897,-0.00939970
13.76535897,-0.00939970
13.77535897,-0.00939970
13.78535897,-0.00939970
13.79535897,-0.00939970
13.80535897,-0.00939970
13.81535897,-0.00033570
13.82535897,-0.00939970
13.83535897,-0.00939970
13.84535897,-0.00939970
13.85535897,-0.00939970
13.86535897,-0.00939970
13.87535897,-0.00033570
13.88535897,-0.00939970
13.89535897,-0.00939970
13.90535897,-0.00939970
13.91535897,-0.00939970
13.92535897,-0.01843318
13.93535897,-0.01843318
13.94535897,-0.01843318
13.95535897,-0.01843318
13.96535897,-0.00939970
13.97535897,-0.00939970
13.98535897,-0.00939970
13.99535897,-0.00033570
14.00535897,-0.00939970
14.01535897,-0.00939970
14.02535897,-0.00939970
14.03535897,-0.00939970
14.04535897,-0.00033570
14.05535897,-0.00939970
14.06535897,-0.00939970
14.07535897,-0.01843318
14.08535897,-0.01843318
14.09535897,-0.00939970
14.10535897,-0.00939970
14.11535897,-0.00939970
14.12535897,-0.01843318
14.13535897,-0.01843318
14.14535897,-0.00939970
14.15535897,-0.00939970
14.16535897,-0.00939970
14.17535897,-0.00939970
14.18535897,-0.00939970
14.19535897,-0.00939970
14.20535897,-0.01843318
14.21535897,-0.00939970
14.22535897,-0.00939970
14.23535897,-0.00939970
14.24535897,-0.00939970
14.25535897,-0.00939970
14.26535897,-0.00939970
14.27535897,-0.00939970
14.28535897,-0.00939970
14.29535897,-0.00939970
14.30535897,-0.01843318
14.31535897,-0.01843318
14.32535897,-0.00939970
14.33535897,-0.00033570
14.34535897,-0.01843318
14.35535897,-0.00939970
14.36535897,-0.00939970
14.37535897,-0.00939970
14.38535897,-0.00939970
14.39535897,-0.00939970
14.40535897,-0.01843318
14.41535897,-0.00939970
14.42535897,-0.01843318
14.43535897,-0.01843318
14.44535896,-0.00939970
14.45535896,-0.00939970
14.46535896,-0.00939970
14.47535896,-0.00939970
14.48535896,-0.00939970
14.49535896,-0.00939970
14.50535896,-0.00939970
14.51535896,-0.00939970
14.52535896,-0.00939970
14.53535896,-0.00939970
14.54535896,-0.00939970
14.55535896,-0.00939970
14.56535896,-0.00939970
14.57535896,-0.00939970
14.58535896,-0.00939970
14.59535896,-0.01843318
14.60535896,-0.00939970
14.61535896,-0.00939970
14.62535896,-0.00939970
14.63535896,-0.00939970
14.64535896,-0.00939970
14.65535896,-0.00939970
14.66535896,-0.01843318
14.67535896,-0.00939970
14.68535896,-0.01843318
14.69535896,-0.00939970
14.70535896,-0.01843318
14.71535896,-0.00939970
14.72535896,-0.00033570
14.73535896,-0.00033570
14.74535896,-0.00033570
14.75535896,-0.00939970
14.76535896,-0.00939970
14.77535896,-0.00939970
14.78535896,-0.00939970
14.79535896,-0.01843318
14.80535896,-0.00939970
14.81535896,-0.00939970
14.82535896,-0.00939970
14.83535896,-0.01843318
14.84535896,-0.01843318
14.85535896,-0.00939970
14.86535896,-0.00939970
14.87535896,-0.00939970
14.88535896,-0.00939970
14.89535896,-0.00033570
14.90535896,-0.00939970
14.91535896,-0.00939970
14.92535896,-0.00939970
14.93535896,-0.01843318
14.94535896,-0.00939970
14.95535896,-0.00939970
14.96535896,-0.01843318
14.97535896,-0.00939970
14.98535896,-0.00939970
14.99535896,-0.00939970
15.00535896,-0.00939970
15.01535896,-0.00939970
15.02535896,-0.00939970
15.03535896,-0.00939970
15.04535896,-0.00939970
15.05535896,-0.00939970
15.06535896,-0.00033570
15.07535896,-0.00939970
15.08535896,-0.00939970
15.09535896,-0.00939970
15.10535896,-0.00939970
15.11535896,-0.00939970
15.12535896,-0.00939970
15.13535896,-0.00033570
15.14535896,-0.00939970
15.15535896,-0.01843318
15.16535896,-0.01843318
15.17535896,-0.01843318
15.18535896,-0.01843318
15.19535896,-0.00939970
15.20535896,-0.00939970
15.21535896,-0.00939970
15.22535896,-0.00939970
15.23535896,-0.00939970
15.24535896,-0.00033570
15.25535896,-0.00939970
15.26535896,-0.00939970
15.27535896,-0.00939970
15.28535896,-0.00939970
15.29535896,-0.01843318
15.30535896,-0.01843318
15.31535896,-0.00939970
15.32535896,-0.00939970
15.33535896,-0.00033570
15.34535896,-0.00939970
15.35535896,-0.00033570
15.36535896,-0.00033570
15.37535896,-0.00033570
15.38535896,-0.00033570
15.39535896,-0.00033570
15.40535896,-0.00939970
15.41535896,-0.01843318
15.42535896,-0.01843318
15.43535896,-0.01843318
15.44535896,-0.00939970
15.45535896,-0.00033570
15.46535896,0.00869778
15.47535896,-0.00033570
15.48535896,-0.01843318
15.49535896,-0.01843318
15.50535896,-0.01843318
15.51535896,-0.01843318
15.52535896,-0.00939970
15.53535896,-0.00939970
15.54535896,-0.00939970
15.55535896,-0.00033570
15.56535896,-0.00033570
15.57535896,-0.00939970
15.58535896,-0.00033570
15.59535896,-0.00033570
15.60535896,-0.00939970
15.61535896,-0.01843318
15.62535896,-0.01843318
15.63535896,-0.01843318
15.64535896,-0.01843318
15.65535896,-0.01843318
15.66535896,-0.00939970
15.67535896,-0.00939970
15.68535896,-0.00939970
15.69535896,-0.00939970
15.70535896,-0.00033570
15.71535896,-0.00033570
15.72535896,-0.00939970
15.73535896,-0.00939970
15.74535896,-0.00939970
15.75535896,-0.00939970
15.76535896,-0.00939970
15.77535896,-0.00939970
15.78535896,-0.01843318
15.79535896,-0.01843318
15.80535896,-0.01843318
15.81535896,-0.01843318
15.82535896,-0.00939970
15.83535896,-0.00939970
15.84535896,-0.00939970
15.85535896,-0.00033570
15.86535896,-0.00939970
15.87535896,-0.00939970
15.88535896,-0.00939970
15.89535896,-0.00939970
15.90535896,-0.00939970
15.91535896,-0.00939970
15.92535896,-0.00939970
15.93535896,-0.00939970
15.94535896,-0.00939970
15.95535896,-0.00939970
15.96535896,-0.00939970
15.97535896,-0.00939970
15.98535896,-0.00939970
15.99535896,-0.00939970
16.00535896,-0.00939970
16.01535896,-0.00939970
16.02535896,-0.01843318
16.03535896,-0.00939970
16.04535896,-0.01843318
16.05535896,-0.01843318
16.06535896,-0.00939970
16.07535896,-0.00939970
16.08535896,-0.00939970
16.09535895,-0.00939970
16.10535895,-0.00939970
16.11535895,-0.00939970
16.12535895,-0.00939970
16.13535895,-0.00939970
16.14535895,-0.00033570
16.15535895,-0.00939970
16.16535895,-0.00939970
16.17535895,-0.00939970
16.18535895,-0.00939970
16.19535895,-0.00939970
16.20535895,-0.00939970
16.21535895,-0.01843318
16.22535895,-0.01843318
16.23535895,-0.00939970
16.24535895,-0.00939970
16.25535895,-0.00939970
16.26535895,-0.00033570
16.27535895,-0.00939970
16.28535895,-0.00939970
16.29535895,-0.00939970
16.30535895,-0.00939970
16.31535895,-0.00939970
16.32535895,-0.00939970
16.33535895,-0.00939970
16.34535895,-0.00939970
16.35535895,-0.00939970
16.36535895,-0.00939970
16.37535895,-0.00939970
16.38535895,-0.00033570
16.39535895,-0.00939970
16.40535895,-0.00033570
16.41535895,-0.00939970
16.42535895,-0.00939970
16.43535895,-0.00939970
16.44535895,-0.00939970
16.45535895,-0.00939970
16.46535895,-0.01843318
16.47535895,-0.01843318
16.48535895,-0.01843318
16.49535895,-0.00939970
16.50535895,-0.00939970
16.51535895,-0.00033570
16.52535895,-0.00033570
16.53535895,-0.00939970
16.54535895,-0.00939970
16.55535895,-0.00033570
16.56535895,-0.00939970
16.57535895,-0.00939970
16.58535895,-0.00939970
16.59535895,-0.00939970
16.60535895,-0.00939970
16.61535895,-0.00939970
16.62535895,-0.00939970
16.63535895,-0.00033570
16.64535895,-0.00033570
16.65535895,-0.00033570
16.66535895,-0.00033570
16.67535895,-0.00033570
16.68535895,-0.00033570
16.69535895,-0.00033570
16.70535895,-0.00939970
16.71535895,-0.00939970
16.72535895,-0.00939970
16.73535895,-0.00939970
16.74535895,-0.00939970
16.75535895,-0.01843318
16.76535895,-0.00939970
16.77535895,-0.00939970
16.78535895,-0.00939970
16.79535895,-0.00939970
16.80535895,-0.00939970
16.81535895,-0.00939970
16.82535895,-0.00939970
16.83535895,-0.00939970
16.84535895,-0.00939970
16.85535895,-0.00939970
16.86535895,-0.00939970
16.87535895,-0.00033570
16.88535895,-0.00033570
16.89535895,-0.00939970
16.90535895,-0.00939970
16.91535895,-0.00939970
16.92535895,-0.00939970
16.93535895,-0.00939970
16.94535895,-0.00033570
16.95535895,-0.00939970
16.96535895,-0.00939970
16.97535895,-0.00939970
16.98535895,-0.00939970
16.99535895,-0.00033570
17.00535895,-0.00939970
17.01535895,-0.00033570
17.02535895,-0.01843318
17.03535895,-0.01843318
17.04535895,-0.01843318
17.05535895,-0.00939970
17.06535895,-0.00033570
17.07535895,-0.00033570
17.08535895,-0.00033570
17.09535895,-0.00033570
17.10535895,-0.00033570
17.11535895,-0.00939970
17.12535895,-0.00033570
17.13535895,-0.00033570
17.14535895,0.00869778
17.15535895,-0.00033570
17.16535895,-0.01843318
17.17535895,-0.02746666
17.18535895,-0.01843318
17.19535895,-0.01843318
17.20535895,-0.00939970
17.21535895,-0.00033570
17.22535895,-0.00033570
17.23535895,-0.00939970
17.24535895,-0.00033570
17.25535895,-0.00033570
17.26535895,-0.00939970
17.27535895,-0.00033570
17.28535895,-0.00033570
17.29535895,-0.01843318
17.30535895,-0.02746666
17.31535895,-0.02746666
17.32535895,-0.00939970
17.33535895,0.01776177
17.34535895,0.01776177
17.35535895,0.00869778
17.36535895,-0.00033570
17.37535895,-0.01843318
17.38535895,-0.00939970
17.39535895,-0.00939970
17.40535895,-0.00939970
17.41535895,-0.01843318
17.42535895,-0.01843318
17.43535895,-0.01843318
17.44535895,-0.00939970
17.45535895,-0.00939970
17.46535895,-0.00033570
17.47535895,0.00869778
17.48535895,0.00869778
17.49535895,-0.00033570
17.50535895,-0.00939970
17.51535895,-0.00939970
17.52535895,-0.00939970
17.53535895,-0.00939970
17.54535895,-0.00939970
17.55535895,-0.00939970
17.56535895,-0.00939970
17.57535895,-0.00033570
17.58535895,-0.00939970
17.59535895,-0.00033570
17.60535895,-0.00939970
17.61535895,-0.00939970
17.62535895,-0.00939970
17.63535895,-0.00939970
17.64535895,-0.00939970
17.65535895,-0.00939970
17.66535895,-0.00939970
17.67535895,-0.00939970
17.68535895,-0.00939970
17.69535895,-0.00033570
17.70535895,-0.00033570
17.71535895,-0.00033570
17.72535895,-0.00939970
17.73535895,-0.00939970
17.74535894,-0.00939970
17.75535894,-0.00939970
17.76535894,-0.00939970
17.77535894,-0.00939970
17.78535894,-0.00939970
17.79535894,-0.00939970
17.80535894,-0.00939970
17.81535894,-0.00033570
17.82535894,-0.00033570
17.83535894,-0.00939970
17.84535894,-0.00033570
17.85535894,-0.00939970
17.86535894,-0.00939970
17.87535894,-0.00033570
17.88535894,-0.00939970
17.89535894,-0.00939970
17.90535894,-0.00939970
17.91535894,-0.00033570
17.92535894,-0.00033570
17.93535894,-0.00033570
17.94535894,-0.00939970
17.95535894,-0.00939970
17.96535894,-0.00939970
17.97535894,-0.00033570
17.98535894,-0.00939970
17.99535894,-0.00939970
18.00535894,-0.00033570
