Time,Channel A
(us),(V)

-2.02615411,-0.00033570
-2.01615411,-0.00033570
-2.00615411,-0.00033570
-1.99615411,-0.00033570
-1.98615411,-0.00033570
-1.97615411,-0.00033570
-1.96615411,-0.00033570
-1.95615411,-0.00939970
-1.94615411,-0.00939970
-1.93615411,-0.00939970
-1.92615411,-0.00939970
-1.91615411,-0.00939970
-1.90615411,-0.00033570
-1.89615411,-0.00033570
-1.88615411,0.00869778
-1.87615411,-0.00033570
-1.86615411,-0.00033570
-1.85615411,-0.00033570
-1.84615411,-0.00033570
-1.83615411,-0.00033570
-1.82615411,-0.00033570
-1.81615411,-0.00939970
-1.80615411,-0.00939970
-1.79615411,-0.00033570
-1.78615411,-0.00033570
-1.77615411,-0.00033570
-1.76615411,-0.00033570
-1.75615411,-0.00033570
-1.74615411,-0.00033570
-1.73615411,-0.00033570
-1.72615411,-0.00033570
-1.71615411,-0.00033570
-1.70615411,-0.00033570
-1.69615411,-0.00939970
-1.68615411,-0.00939970
-1.67615411,-0.00939970
-1.66615411,-0.00033570
-1.65615411,-0.00033570
-1.64615411,-0.00033570
-1.63615411,-0.00033570
-1.62615411,-0.00939970
-1.61615411,-0.00033570
-1.60615411,-0.00939970
-1.59615411,-0.00033570
-1.58615411,-0.00033570
-1.57615411,-0.00033570
-1.56615411,-0.00033570
-1.55615411,-0.00033570
-1.54615411,-0.00033570
-1.53615411,-0.00939970
-1.52615411,-0.00033570
-1.51615411,-0.00033570
-1.50615411,-0.00033570
-1.49615411,-0.00033570
-1.48615411,-0.00033570
-1.47615411,-0.00033570
-1.46615411,-0.00033570
-1.45615411,-0.00033570
-1.44615411,-0.00033570
-1.43615411,-0.00033570
-1.42615411,-0.00033570
-1.41615411,-0.00033570
-1.40615411,-0.00033570
-1.39615411,-0.00939970
-1.38615411,-0.00939970
-1.37615411,-0.00033570
-1.36615411,-0.00033570
-1.35615411,-0.00033570
-1.34615411,-0.00033570
-1.33615411,-0.00033570
-1.32615411,-0.00033570
-1.31615411,-0.00033570
-1.30615411,-0.00033570
-1.29615411,-0.00033570
-1.28615411,-0.00033570
-1.27615411,-0.00033570
-1.26615411,-0.00939970
-1.25615411,-0.00033570
-1.24615411,-0.00939970
-1.23615411,-0.00033570
-1.22615411,-0.00033570
-1.21615411,-0.00033570
-1.20615411,-0.00033570
-1.19615411,-0.00033570
-1.18615411,-0.00033570
-1.17615411,-0.00033570
-1.16615411,-0.00033570
-1.15615411,0.00869778
-1.14615411,0.01776177
-1.13615411,0.00869778
-1.12615411,-0.00939970
-1.11615411,-0.01843318
-1.10615411,-0.01843318
-1.09615411,-0.00939970
-1.08615411,-0.00033570
-1.07615411,-0.00033570
-1.06615411,-0.00033570
-1.05615411,-0.00033570
-1.04615411,-0.00033570
-1.03615411,-0.00033570
-1.02615411,-0.00033570
-1.01615411,-0.00033570
-1.00615411,-0.00033570
-0.99615411,-0.00939970
-0.98615411,-0.02746666
-0.97615411,-0.02746666
-0.96615411,-0.00939970
-0.95615411,0.00869778
-0.94615411,0.01776177
-0.93615411,0.01776177
-0.92615411,-0.00033570
-0.91615411,-0.00939970
-0.90615411,-0.00939970
-0.89615411,-0.00033570
-0.88615411,-0.00033570
-0.87615411,-0.00939970
-0.86615411,-0.00939970
-0.85615411,-0.01843318
-0.84615411,-0.00939970
-0.83615411,-0.00033570
-0.82615411,-0.00033570
-0.81615411,0.01776177
-0.80615411,0.00869778
-0.79615411,-0.00033570
-0.78615411,-0.00939970
-0.77615411,-0.00939970
-0.76615411,-0.00033570
-0.75615411,-0.00033570
-0.74615411,-0.00939970
-0.73615411,-0.00939970
-0.72615411,-0.00939970
-0.71615411,-0.00033570
-0.70615411,-0.00033570
-0.69615411,-0.00033570
-0.68615411,-0.00033570
-0.67615411,-0.00939970
-0.66615411,-0.00033570
-0.65615412,-0.00033570
-0.64615412,-0.00033570
-0.63615412,-0.00033570
-0.62615412,-0.00033570
-0.61615412,-0.00939970
-0.60615412,-0.00033570
-0.59615412,-0.00939970
-0.58615412,-0.00033570
-0.57615412,-0.00033570
-0.56615412,-0.00033570
-0.55615412,-0.00033570
-0.54615412,-0.00033570
-0.53615412,-0.00033570
-0.52615412,-0.00033570
-0.51615412,-0.00033570
-0.50615412,-0.00033570
-0.49615412,-0.00939970
-0.48615412,-0.00033570
-0.47615412,-0.00939970
-0.46615412,-0.00033570
-0.45615412,-0.00033570
-0.44615412,-0.00033570
-0.43615412,-0.00033570
-0.42615412,-0.00033570
-0.41615412,-0.00033570
-0.40615412,-0.00939970
-0.39615412,-0.00033570
-0.38615412,-0.00033570
-0.37615412,-0.00939970
-0.36615412,-0.00033570
-0.35615412,-0.00033570
-0.34615412,-0.00033570
-0.33615412,-0.00033570
-0.32615412,-0.00939970
-0.31615412,-0.00939970
-0.30615412,-0.00939970
-0.29615412,-0.00033570
-0.28615412,-0.00033570
-0.27615412,-0.00033570
-0.26615412,-0.00033570
-0.25615412,-0.00033570
-0.24615412,-0.00033570
-0.23615412,-0.00033570
-0.22615412,-0.00033570
-0.21615412,-0.00033570
-0.20615412,-0.00033570
-0.19615412,-0.00033570
-0.18615412,-0.00033570
-0.17615412,-0.00033570
-0.16615412,-0.00033570
-0.15615412,-0.00033570
-0.14615412,-0.00033570
-0.13615412,-0.00033570
-0.12615412,-0.00033570
-0.11615412,-0.00033570
-0.10615412,-0.00939970
-0.09615412,-0.00939970
-0.08615412,-0.00033570
-0.07615412,-0.00033570
-0.06615412,-0.00033570
-0.05615412,-0.00033570
-0.04615412,-0.00939970
-0.03615412,-0.00939970
-0.02615412,-0.01843318
-0.01615412,-0.03653065
-0.00615412,-0.04556413
0.00384588,-0.07272561
0.01384588,-0.09082308
0.02384588,-0.10889004
0.03384588,-0.12698752
0.04384588,-0.13605152
0.05384588,-0.15414900
0.06384588,-0.16318247
0.07384588,-0.18127994
0.08384588,-0.19031343
0.09384588,-0.19937742
0.10384588,-0.20841090
0.11384588,-0.21747489
0.12384588,-0.21747489
0.13384588,-0.22650838
0.14384588,-0.22650838
0.15384588,-0.23557237
0.16384588,-0.23557237
0.17384588,-0.23557237
0.18384588,-0.24460585
0.19384588,-0.25363934
0.20384588,-0.25363934
0.21384588,-0.25363934
0.22384588,-0.25363934
0.23384588,-0.25363934
0.24384588,-0.26270333
0.25384588,-0.26270333
0.26384588,-0.26270333
0.27384588,-0.26270333
0.28384588,-0.26270333
0.29384588,-0.25363934
0.30384588,-0.26270333
0.31384588,-0.25363934
0.32384588,-0.25363934
0.33384588,-0.25363934
0.34384588,-0.25363934
0.35384588,-0.25363934
0.36384588,-0.25363934
0.37384588,-0.25363934
0.38384588,-0.25363934
0.39384588,-0.24460585
0.40384588,-0.23557237
0.41384588,-0.23557237
0.42384588,-0.23557237
0.43384588,-0.23557237
0.44384588,-0.23557237
0.45384588,-0.22650838
0.46384588,-0.21747489
0.47384588,-0.21747489
0.48384588,-0.21747489
0.49384588,-0.21747489
0.50384588,-0.21747489
0.51384588,-0.20841090
0.52384588,-0.19937742
0.53384588,-0.19937742
0.54384588,-0.19937742
0.55384588,-0.19937742
0.56384588,-0.19031343
0.57384588,-0.19031343
0.58384588,-0.19031343
0.59384588,-0.19031343
0.60384588,-0.18127994
0.61384588,-0.18127994
0.62384588,-0.18127994
0.63384588,-0.18127994
0.64384588,-0.17221595
0.65384588,-0.17221595
0.66384588,-0.16318247
0.67384588,-0.16318247
0.68384588,-0.16318247
0.69384588,-0.16318247
0.70384588,-0.16318247
0.71384588,-0.16318247
0.72384588,-0.16318247
0.73384588,-0.15414900
0.74384588,-0.15414900
0.75384588,-0.14508499
0.76384588,-0.14508499
0.77384588,-0.14508499
0.78384588,-0.14508499
0.79384588,-0.13605152
0.80384588,-0.13605152
0.81384588,-0.13605152
0.82384588,-0.13605152
0.83384588,-0.12698752
0.84384588,-0.12698752
0.85384588,-0.12698752
0.86384588,-0.12698752
0.87384588,-0.12698752
0.88384588,-0.12698752
0.89384588,-0.11795404
0.90384588,-0.11795404
0.91384588,-0.10889004
0.92384588,-0.10889004
0.93384588,-0.10889004
0.94384588,-0.11795404
0.95384588,-0.11795404
0.96384588,-0.10889004
0.97384588,-0.10889004
0.98384587,-0.10889004
0.99384587,-0.10889004
1.00384587,-0.10889004
1.01384587,-0.10889004
1.02384587,-0.09985656
1.03384587,-0.09082308
1.04384587,-0.09082308
1.05384587,-0.09985656
1.06384587,-0.09082308
1.07384587,-0.09082308
1.08384587,-0.09082308
1.09384587,-0.09082308
1.10384587,-0.09082308
1.11384587,-0.08175909
1.12384587,-0.08175909
1.13384587,-0.08175909
1.14384587,-0.08175909
1.15384587,-0.08175909
1.16384587,-0.08175909
1.17384587,-0.07272561
1.18384587,-0.07272561
1.19384587,-0.07272561
1.20384587,-0.07272561
1.21384587,-0.08175909
1.22384587,-0.07272561
1.23384587,-0.07272561
1.24384587,-0.07272561
1.25384587,-0.07272561
1.26384587,-0.07272561
1.27384587,-0.07272561
1.28384587,-0.06366161
1.29384587,-0.07272561
1.30384587,-0.07272561
1.31384587,-0.06366161
1.32384587,-0.07272561
1.33384587,-0.07272561
1.34384587,-0.06366161
1.35384587,-0.07272561
1.36384587,-0.07272561
1.37384587,-0.07272561
1.38384587,-0.06366161
1.39384587,-0.06366161
1.40384587,-0.05462813
1.41384587,-0.05462813
1.42384587,-0.05462813
1.43384587,-0.06366161
1.44384587,-0.05462813
1.45384587,-0.06366161
1.46384587,-0.06366161
1.47384587,-0.06366161
1.48384587,-0.05462813
1.49384587,-0.05462813
1.50384587,-0.05462813
1.51384587,-0.05462813
1.52384587,-0.05462813
1.53384587,-0.05462813
1.54384587,-0.05462813
1.55384587,-0.05462813
1.56384587,-0.05462813
1.57384587,-0.05462813
1.58384587,-0.05462813
1.59384587,-0.05462813
1.60384587,-0.05462813
1.61384587,-0.05462813
1.62384587,-0.05462813
1.63384587,-0.05462813
1.64384587,-0.05462813
1.65384587,-0.05462813
1.66384587,-0.05462813
1.67384587,-0.05462813
1.68384587,-0.05462813
1.69384587,-0.05462813
1.70384587,-0.05462813
1.71384587,-0.04556413
1.72384587,-0.04556413
1.73384587,-0.04556413
1.74384587,-0.04556413
1.75384587,-0.05462813
1.76384587,-0.05462813
1.77384587,-0.05462813
1.78384587,-0.04556413
1.79384587,-0.04556413
1.80384587,-0.04556413
1.81384587,-0.04556413
1.82384587,-0.04556413
1.83384587,-0.04556413
1.84384587,-0.04556413
1.85384587,-0.03653065
1.86384587,-0.03653065
1.87384587,-0.04556413
1.88384587,-0.04556413
1.89384587,-0.04556413
1.90384587,-0.04556413
1.91384587,-0.04556413
1.92384587,-0.04556413
1.93384587,-0.04556413
1.94384587,-0.04556413
1.95384587,-0.03653065
1.96384587,-0.03653065
1.97384587,-0.03653065
1.98384587,-0.03653065
1.99384587,-0.03653065
2.00384587,-0.03653065
2.01384587,-0.03653065
2.02384587,-0.03653065
2.03384587,-0.03653065
2.04384587,-0.03653065
2.05384587,-0.03653065
2.06384587,-0.03653065
2.07384587,-0.03653065
2.08384587,-0.03653065
2.09384587,-0.03653065
2.10384587,-0.03653065
2.11384587,-0.03653065
2.12384587,-0.03653065
2.13384587,-0.03653065
2.14384587,-0.03653065
2.15384587,-0.03653065
2.16384587,-0.03653065
2.17384587,-0.03653065
2.18384587,-0.03653065
2.19384587,-0.03653065
2.20384587,-0.03653065
2.21384587,-0.03653065
2.22384587,-0.03653065
2.23384587,-0.03653065
2.24384587,-0.03653065
2.25384587,-0.03653065
2.26384587,-0.02746666
2.27384587,-0.03653065
2.28384587,-0.02746666
2.29384587,-0.03653065
2.30384587,-0.03653065
2.31384587,-0.03653065
2.32384587,-0.03653065
2.33384587,-0.03653065
2.34384587,-0.03653065
2.35384587,-0.03653065
2.36384587,-0.03653065
2.37384587,-0.03653065
2.38384587,-0.03653065
2.39384587,-0.03653065
2.40384587,-0.03653065
2.41384587,-0.03653065
2.42384587,-0.03653065
2.43384587,-0.03653065
2.44384587,-0.03653065
2.45384587,-0.03653065
2.46384587,-0.02746666
2.47384587,-0.02746666
2.48384587,-0.03653065
2.49384587,-0.03653065
2.50384587,-0.03653065
2.51384587,-0.03653065
2.52384587,-0.03653065
2.53384587,-0.03653065
2.54384587,-0.03653065
2.55384587,-0.03653065
2.56384587,-0.03653065
2.57384587,-0.03653065
2.58384587,-0.03653065
2.59384587,-0.03653065
2.60384587,-0.03653065
2.61384587,-0.03653065
2.62384587,-0.02746666
2.63384586,-0.03653065
2.64384586,-0.02746666
2.65384586,-0.02746666
2.66384586,-0.02746666
2.67384586,-0.03653065
2.68384586,-0.03653065
2.69384586,-0.03653065
2.70384586,-0.02746666
2.71384586,-0.03653065
2.72384586,-0.03653065
2.73384586,-0.02746666
2.74384586,-0.02746666
2.75384586,-0.02746666
2.76384586,-0.02746666
2.77384586,-0.02746666
2.78384586,-0.03653065
2.79384586,-0.02746666
2.80384586,-0.03653065
2.81384586,-0.03653065
2.82384586,-0.02746666
2.83384586,-0.02746666
2.84384586,-0.03653065
2.85384586,-0.02746666
2.86384586,-0.02746666
2.87384586,-0.02746666
2.88384586,-0.02746666
2.89384586,-0.02746666
2.90384586,-0.03653065
2.91384586,-0.02746666
2.92384586,-0.03653065
2.93384586,-0.04556413
2.94384586,-0.04556413
2.95384586,-0.01843318
2.96384586,-0.01843318
2.97384586,-0.01843318
2.98384586,-0.02746666
2.99384586,-0.02746666
3.00384586,-0.02746666
3.01384586,-0.02746666
3.02384586,-0.02746666
3.03384586,-0.02746666
3.04384586,-0.02746666
3.05384586,-0.03653065
3.06384586,-0.03653065
3.07384586,-0.03653065
3.08384586,-0.02746666
3.09384586,-0.01843318
3.10384586,-0.01843318
3.11384586,-0.01843318
3.12384586,-0.03653065
3.13384586,-0.03653065
3.14384586,-0.02746666
3.15384586,-0.02746666
3.16384586,-0.02746666
3.17384586,-0.02746666
3.18384586,-0.02746666
3.19384586,-0.02746666
3.20384586,-0.01843318
3.21384586,-0.01843318
3.22384586,-0.01843318
3.23384586,-0.01843318
3.24384586,-0.02746666
3.25384586,-0.03653065
3.26384586,-0.03653065
3.27384586,-0.02746666
3.28384586,-0.03653065
3.29384586,-0.02746666
3.30384586,-0.02746666
3.31384586,-0.02746666
3.32384586,-0.02746666
3.33384586,-0.02746666
3.34384586,-0.02746666
3.35384586,-0.02746666
3.36384586,-0.02746666
3.37384586,-0.02746666
3.38384586,-0.01843318
3.39384586,-0.01843318
3.40384586,-0.01843318
3.41384586,-0.02746666
3.42384586,-0.02746666
3.43384586,-0.02746666
3.44384586,-0.02746666
3.45384586,-0.02746666
3.46384586,-0.02746666
3.47384586,-0.02746666
3.48384586,-0.02746666
3.49384586,-0.02746666
3.50384586,-0.02746666
3.51384586,-0.01843318
3.52384586,-0.02746666
3.53384586,-0.01843318
3.54384586,-0.02746666
3.55384586,-0.02746666
3.56384586,-0.02746666
3.57384586,-0.01843318
3.58384586,-0.02746666
3.59384586,-0.02746666
3.60384586,-0.02746666
3.61384586,-0.02746666
3.62384586,-0.01843318
3.63384586,-0.02746666
3.64384586,-0.01843318
3.65384586,-0.02746666
3.66384586,-0.02746666
3.67384586,-0.02746666
3.68384586,-0.02746666
3.69384586,-0.02746666
3.70384586,-0.01843318
3.71384586,-0.01843318
3.72384586,-0.01843318
3.73384586,-0.01843318
3.74384586,-0.01843318
3.75384586,-0.02746666
3.76384586,-0.02746666
3.77384586,-0.02746666
3.78384586,-0.02746666
3.79384586,-0.01843318
3.80384586,-0.01843318
3.81384586,-0.01843318
3.82384586,-0.01843318
3.83384586,-0.02746666
3.84384586,-0.02746666
3.85384586,-0.02746666
3.86384586,-0.01843318
3.87384586,-0.01843318
3.88384586,-0.01843318
3.89384586,-0.01843318
3.90384586,-0.01843318
3.91384586,-0.01843318
3.92384586,-0.02746666
3.93384586,-0.02746666
3.94384586,-0.02746666
3.95384586,-0.02746666
3.96384586,-0.02746666
3.97384586,-0.01843318
3.98384586,-0.02746666
3.99384586,-0.02746666
4.00384586,-0.01843318
4.01384586,-0.01843318
4.02384586,-0.01843318
4.03384586,-0.01843318
4.04384586,-0.01843318
4.05384586,-0.01843318
4.06384586,-0.01843318
4.07384586,-0.01843318
4.08384586,-0.02746666
4.09384586,-0.01843318
4.10384586,-0.02746666
4.11384586,-0.02746666
4.12384586,-0.02746666
4.13384586,-0.01843318
4.14384586,-0.01843318
4.15384586,-0.01843318
4.16384586,-0.01843318
4.17384586,-0.01843318
4.18384586,-0.01843318
4.19384586,-0.01843318
4.20384586,-0.01843318
4.21384586,-0.01843318
4.22384586,-0.01843318
4.23384586,-0.01843318
4.24384586,-0.01843318
4.25384586,-0.02746666
4.26384586,-0.01843318
4.27384585,-0.01843318
4.28384585,-0.01843318
4.29384585,-0.01843318
4.30384585,-0.01843318
4.31384585,-0.01843318
4.32384585,-0.01843318
4.33384585,-0.01843318
4.34384585,-0.02746666
4.35384585,-0.01843318
4.36384585,-0.01843318
4.37384585,-0.01843318
4.38384585,-0.01843318
4.39384585,-0.01843318
4.40384585,-0.01843318
4.41384585,-0.01843318
4.42384585,-0.01843318
4.43384585,-0.01843318
4.44384585,-0.01843318
4.45384585,-0.01843318
4.46384585,-0.01843318
4.47384585,-0.01843318
4.48384585,-0.01843318
4.49384585,-0.01843318
4.50384585,-0.01843318
4.51384585,-0.01843318
4.52384585,-0.02746666
4.53384585,-0.02746666
4.54384585,-0.02746666
4.55384585,-0.01843318
4.56384585,-0.01843318
4.57384585,-0.01843318
4.58384585,-0.01843318
4.59384585,-0.01843318
4.60384585,-0.01843318
4.61384585,-0.01843318
4.62384585,-0.01843318
4.63384585,-0.01843318
4.64384585,-0.01843318
4.65384585,-0.01843318
4.66384585,-0.01843318
4.67384585,-0.01843318
4.68384585,-0.01843318
4.69384585,-0.01843318
4.70384585,-0.01843318
4.71384585,-0.01843318
4.72384585,-0.01843318
4.73384585,-0.01843318
4.74384585,-0.01843318
4.75384585,-0.01843318
4.76384585,-0.01843318
4.77384585,-0.01843318
4.78384585,-0.00939970
4.79384585,-0.00033570
4.80384585,-0.01843318
4.81384585,-0.02746666
4.82384585,-0.03653065
4.83384585,-0.02746666
4.84384585,-0.01843318
4.85384585,-0.01843318
4.86384585,-0.01843318
4.87384585,-0.01843318
4.88384585,-0.01843318
4.89384585,-0.01843318
4.90384585,-0.01843318
4.91384585,-0.01843318
4.92384585,-0.01843318
4.93384585,-0.01843318
4.94384585,-0.02746666
4.95384585,-0.03653065
4.96384585,-0.03653065
4.97384585,-0.01843318
4.98384585,-0.00033570
4.99384585,-0.00033570
5.00384585,-0.00939970
5.01384585,-0.01843318
5.02384585,-0.02746666
5.03384585,-0.02746666
5.04384585,-0.01843318
5.05384585,-0.01843318
5.06384585,-0.01843318
5.07384585,-0.01843318
5.08384585,-0.01843318
5.09384585,-0.02746666
5.10384585,-0.01843318
5.11384585,-0.01843318
5.12384585,-0.01843318
5.13384585,-0.01843318
5.14384585,-0.01843318
5.15384585,-0.01843318
5.16384585,-0.01843318
5.17384585,-0.01843318
5.18384585,-0.01843318
5.19384585,-0.01843318
5.20384585,-0.01843318
5.21384585,-0.01843318
5.22384585,-0.01843318
5.23384585,-0.01843318
5.24384585,-0.01843318
5.25384585,-0.01843318
5.26384585,-0.01843318
5.27384585,-0.01843318
5.28384585,-0.01843318
5.29384585,-0.01843318
5.30384585,-0.01843318
5.31384585,-0.01843318
5.32384585,-0.01843318
5.33384585,-0.01843318
5.34384585,-0.01843318
5.35384585,-0.01843318
5.36384585,-0.01843318
5.37384585,-0.01843318
5.38384585,-0.01843318
5.39384585,-0.01843318
5.40384585,-0.01843318
5.41384585,-0.01843318
5.42384585,-0.01843318
5.43384585,-0.01843318
5.44384585,-0.01843318
5.45384585,-0.01843318
5.46384585,-0.01843318
5.47384585,-0.01843318
5.48384585,-0.01843318
5.49384585,-0.01843318
5.50384585,-0.01843318
5.51384585,-0.01843318
5.52384585,-0.01843318
5.53384585,-0.01843318
5.54384585,-0.01843318
5.55384585,-0.01843318
5.56384585,-0.01843318
5.57384585,-0.01843318
5.58384585,-0.01843318
5.59384585,-0.01843318
5.60384585,-0.00939970
5.61384585,-0.01843318
5.62384585,-0.01843318
5.63384585,-0.01843318
5.64384585,-0.01843318
5.65384585,-0.01843318
5.66384585,-0.01843318
5.67384585,-0.01843318
5.68384585,-0.01843318
5.69384585,-0.01843318
5.70384585,-0.01843318
5.71384585,-0.01843318
5.72384585,-0.01843318
5.73384585,-0.01843318
5.74384585,-0.01843318
5.75384585,-0.01843318
5.76384585,-0.01843318
5.77384585,-0.01843318
5.78384585,-0.01843318
5.79384585,-0.01843318
5.80384585,-0.01843318
5.81384585,-0.01843318
5.82384585,-0.01843318
5.83384585,-0.01843318
5.84384585,-0.01843318
5.85384585,-0.01843318
5.86384585,-0.01843318
5.87384585,-0.01843318
5.88384585,-0.01843318
5.89384585,-0.00939970
5.90384585,-0.01843318
5.91384585,-0.01843318
5.92384584,-0.01843318
5.93384584,-0.01843318
5.94384584,-0.01843318
5.95384584,-0.01843318
5.96384584,-0.01843318
5.97384584,-0.01843318
5.98384584,-0.01843318
5.99384584,-0.01843318
6.00384584,-0.01843318
6.01384584,-0.01843318
6.02384584,-0.00939970
6.03384584,-0.01843318
6.04384584,-0.00939970
6.05384584,-0.01843318
6.06384584,-0.01843318
6.07384584,-0.01843318
6.08384584,-0.01843318
6.09384584,-0.01843318
6.10384584,-0.01843318
6.11384584,-0.01843318
6.12384584,-0.01843318
6.13384584,-0.01843318
6.14384584,-0.01843318
6.15384584,-0.01843318
6.16384584,-0.01843318
6.17384584,-0.01843318
6.18384584,-0.00939970
6.19384584,-0.01843318
6.20384584,-0.01843318
6.21384584,-0.01843318
6.22384584,-0.01843318
6.23384584,-0.01843318
6.24384584,-0.01843318
6.25384584,-0.01843318
6.26384584,-0.01843318
6.27384584,-0.01843318
6.28384584,-0.01843318
6.29384584,-0.01843318
6.30384584,-0.01843318
6.31384584,-0.01843318
6.32384584,-0.01843318
6.33384584,-0.01843318
6.34384584,-0.01843318
6.35384584,-0.01843318
6.36384584,-0.01843318
6.37384584,-0.01843318
6.38384584,-0.01843318
6.39384584,-0.01843318
6.40384584,-0.01843318
6.41384584,-0.01843318
6.42384584,-0.01843318
6.43384584,-0.00939970
6.44384584,-0.00939970
6.45384584,-0.00939970
6.46384584,-0.00939970
6.47384584,-0.00939970
6.48384584,-0.00939970
6.49384584,-0.00939970
6.50384584,-0.00939970
6.51384584,-0.00033570
6.52384584,-0.00033570
6.53384584,-0.00033570
6.54384584,-0.00033570
6.55384584,-0.00033570
6.56384584,-0.00033570
6.57384584,-0.00939970
6.58384584,-0.00939970
6.59384584,-0.00939970
6.60384584,-0.01843318
6.61384584,-0.01843318
6.62384584,-0.01843318
6.63384584,-0.01843318
6.64384584,-0.01843318
6.65384584,-0.01843318
6.66384584,-0.01843318
6.67384584,-0.01843318
6.68384584,-0.01843318
6.69384584,-0.01843318
6.70384584,-0.00939970
6.71384584,-0.01843318
6.72384584,-0.00939970
6.73384584,-0.01843318
6.74384584,-0.01843318
6.75384584,-0.01843318
6.76384584,-0.00939970
6.77384584,-0.01843318
6.78384584,-0.01843318
6.79384584,-0.01843318
6.80384584,-0.01843318
6.81384584,-0.01843318
6.82384584,-0.01843318
6.83384584,-0.01843318
6.84384584,-0.01843318
6.85384584,-0.01843318
6.86384584,-0.01843318
6.87384584,-0.01843318
6.88384584,-0.01843318
6.89384584,-0.01843318
6.90384584,-0.01843318
6.91384584,-0.01843318
6.92384584,-0.00939970
6.93384584,-0.00939970
6.94384584,-0.01843318
6.95384584,-0.00939970
6.96384584,-0.00939970
6.97384584,-0.00939970
6.98384584,-0.01843318
6.99384584,-0.00939970
7.00384584,-0.00939970
7.01384584,-0.01843318
7.02384584,-0.01843318
7.03384584,-0.01843318
7.04384584,-0.01843318
7.05384584,-0.01843318
7.06384584,-0.01843318
7.07384584,-0.01843318
7.08384584,-0.01843318
7.09384584,-0.01843318
7.10384584,-0.01843318
7.11384584,-0.01843318
7.12384584,-0.01843318
7.13384584,-0.01843318
7.14384584,-0.01843318
7.15384584,-0.01843318
7.16384584,-0.01843318
7.17384584,-0.00939970
7.18384584,-0.01843318
7.19384584,-0.00939970
7.20384584,-0.00939970
7.21384584,-0.01843318
7.22384584,-0.01843318
7.23384584,-0.01843318
7.24384584,-0.01843318
7.25384584,-0.01843318
7.26384584,-0.00939970
7.27384584,-0.00939970
7.28384584,-0.01843318
7.29384584,-0.00939970
7.30384584,-0.01843318
7.31384584,-0.01843318
7.32384584,-0.01843318
7.33384584,-0.00939970
7.34384584,-0.01843318
7.35384584,-0.01843318
7.36384584,-0.01843318
7.37384584,-0.00939970
7.38384584,-0.01843318
7.39384584,-0.01843318
7.40384584,-0.01843318
7.41384584,-0.01843318
7.42384584,-0.01843318
7.43384584,-0.01843318
7.44384584,-0.01843318
7.45384584,-0.01843318
7.46384584,-0.00939970
7.47384584,-0.01843318
7.48384584,-0.00939970
7.49384584,-0.01843318
7.50384584,-0.00939970
7.51384584,-0.01843318
7.52384584,-0.01843318
7.53384584,-0.01843318
7.54384584,-0.01843318
7.55384584,-0.00939970
7.56384584,-0.01843318
7.57384583,-0.00939970
7.58384583,-0.01843318
7.59384583,-0.01843318
7.60384583,-0.01843318
7.61384583,-0.00939970
7.62384583,-0.01843318
7.63384583,-0.01843318
7.64384583,-0.01843318
7.65384583,-0.01843318
7.66384583,-0.01843318
7.67384583,-0.00939970
7.68384583,-0.01843318
7.69384583,-0.00939970
7.70384583,-0.00939970
7.71384583,-0.00939970
7.72384583,-0.00939970
7.73384583,-0.01843318
7.74384583,-0.01843318
7.75384583,-0.01843318
7.76384583,-0.01843318
7.77384583,-0.01843318
7.78384583,-0.00939970
7.79384583,-0.00033570
7.80384583,-0.00939970
7.81384583,-0.00939970
7.82384583,-0.01843318
7.83384583,-0.01843318
7.84384583,-0.00939970
7.85384583,-0.01843318
7.86384583,-0.02746666
7.87384583,-0.01843318
7.88384583,-0.01843318
7.89384583,-0.01843318
7.90384583,-0.00939970
7.91384583,-0.01843318
7.92384583,-0.01843318
7.93384583,-0.01843318
7.94384583,-0.01843318
7.95384583,-0.01843318
7.96384583,-0.00939970
7.97384583,-0.01843318
7.98384583,-0.00939970
7.99384583,-0.01843318
8.00384583,-0.01843318
8.01384583,-0.01843318
8.02384583,-0.01843318
8.03384583,-0.01843318
8.04384583,-0.01843318
8.05384583,-0.01843318
8.06384583,-0.01843318
8.07384583,-0.01843318
8.08384583,-0.01843318
8.09384583,-0.00939970
8.10384583,-0.00939970
8.11384583,-0.00939970
8.12384583,-0.00939970
8.13384583,-0.00939970
8.14384583,-0.01843318
8.15384583,-0.01843318
8.16384583,-0.01843318
8.17384583,-0.01843318
8.18384583,-0.01843318
8.19384583,-0.01843318
8.20384583,-0.00939970
8.21384583,-0.00033570
8.22384583,-0.00939970
8.23384583,-0.00939970
8.24384583,-0.01843318
8.25384583,-0.01843318
8.26384583,-0.01843318
8.27384583,-0.01843318
8.28384583,-0.01843318
8.29384583,-0.01843318
8.30384583,-0.01843318
8.31384583,-0.01843318
8.32384583,-0.01843318
8.33384583,-0.00939970
8.34384583,-0.00939970
8.35384583,-0.00939970
8.36384583,-0.00939970
8.37384583,-0.00033570
8.38384583,-0.00939970
8.39384583,-0.01843318
8.40384583,-0.01843318
8.41384583,-0.01843318
8.42384583,-0.01843318
8.43384583,-0.01843318
8.44384583,-0.01843318
8.45384583,-0.01843318
8.46384583,-0.01843318
8.47384583,-0.01843318
8.48384583,-0.00939970
8.49384583,-0.00939970
8.50384583,-0.00939970
8.51384583,-0.00939970
8.52384583,-0.01843318
8.53384583,-0.01843318
8.54384583,-0.01843318
8.55384583,-0.01843318
8.56384583,-0.01843318
8.57384583,-0.01843318
8.58384583,-0.00939970
8.59384583,-0.01843318
8.60384583,-0.01843318
8.61384583,-0.01843318
8.62384583,-0.01843318
8.63384583,-0.00939970
8.64384583,-0.01843318
8.65384583,-0.01843318
8.66384583,-0.00939970
8.67384583,-0.01843318
8.68384583,-0.00939970
8.69384583,-0.00939970
8.70384583,-0.00939970
8.71384583,-0.00939970
8.72384583,-0.01843318
8.73384583,-0.01843318
8.74384583,-0.01843318
8.75384583,-0.01843318
8.76384583,-0.01843318
8.77384583,-0.00939970
8.78384583,-0.01843318
8.79384583,-0.00939970
8.80384583,-0.00939970
8.81384583,-0.00939970
8.82384583,-0.01843318
8.83384583,-0.00939970
8.84384583,-0.01843318
8.85384583,-0.01843318
8.86384583,-0.01843318
8.87384583,-0.02746666
8.88384583,-0.01843318
8.89384583,-0.00939970
8.90384583,-0.00033570
8.91384583,-0.00033570
8.92384583,-0.00939970
8.93384583,-0.00939970
8.94384583,-0.01843318
8.95384583,-0.00939970
8.96384583,-0.01843318
8.97384583,-0.01843318
8.98384583,-0.01843318
8.99384583,-0.01843318
9.00384583,-0.01843318
9.01384583,-0.01843318
9.02384583,-0.00033570
9.03384583,-0.00033570
9.04384583,-0.00033570
9.05384583,-0.00939970
9.06384583,-0.01843318
9.07384583,-0.02746666
9.08384583,-0.01843318
9.09384583,-0.00939970
9.10384583,-0.00939970
9.11384583,-0.01843318
9.12384583,-0.01843318
9.13384583,-0.00939970
9.14384583,-0.00939970
9.15384583,-0.00939970
9.16384583,-0.00939970
9.17384583,-0.00939970
9.18384583,-0.00939970
9.19384583,-0.01843318
9.20384583,-0.01843318
9.21384582,-0.00939970
9.22384582,-0.00033570
9.23384582,-0.00939970
9.24384582,-0.00939970
9.25384582,-0.01843318
9.26384582,-0.00939970
9.27384582,-0.00939970
9.28384582,-0.01843318
9.29384582,-0.00939970
9.30384582,-0.00939970
9.31384582,-0.00939970
9.32384582,-0.00939970
9.33384582,-0.00939970
9.34384582,-0.00939970
9.35384582,-0.01843318
9.36384582,-0.01843318
9.37384582,-0.00939970
9.38384582,-0.00939970
9.39384582,-0.00939970
9.40384582,-0.00939970
9.41384582,-0.00939970
9.42384582,-0.00939970
9.43384582,-0.00939970
9.44384582,-0.00939970
9.45384582,-0.00939970
9.46384582,-0.01843318
9.47384582,-0.01843318
9.48384582,-0.01843318
9.49384582,-0.00939970
9.50384582,-0.00939970
9.51384582,-0.00939970
9.52384582,-0.00939970
9.53384582,-0.00939970
9.54384582,-0.01843318
9.55384582,-0.00939970
9.56384582,-0.00939970
9.57384582,-0.00939970
9.58384582,-0.00939970
9.59384582,-0.00939970
9.60384582,-0.01843318
9.61384582,-0.01843318
9.62384582,-0.01843318
9.63384582,-0.01843318
9.64384582,-0.00939970
9.65384582,-0.00939970
9.66384582,-0.00939970
9.67384582,-0.00033570
9.68384582,-0.00939970
9.69384582,-0.00939970
9.70384582,-0.01843318
9.71384582,-0.01843318
9.72384582,-0.01843318
9.73384582,-0.00939970
9.74384582,-0.00939970
9.75384582,-0.00939970
9.76384582,-0.00939970
9.77384582,-0.01843318
9.78384582,-0.01843318
9.79384582,-0.01843318
9.80384582,-0.00939970
9.81384582,-0.01843318
9.82384582,-0.01843318
9.83384582,-0.00033570
9.84384582,-0.00939970
9.85384582,-0.00939970
9.86384582,-0.00939970
9.87384582,-0.01843318
9.88384582,-0.01843318
9.89384582,-0.01843318
9.90384582,-0.00939970
9.91384582,-0.00939970
9.92384582,-0.00939970
9.93384582,-0.01843318
9.94384582,-0.01843318
9.95384582,-0.01843318
9.96384582,-0.01843318
9.97384582,-0.00939970
9.98384582,-0.00939970
9.99384582,-0.00939970
10.00384582,-0.00939970
10.01384582,-0.00939970
10.02384582,-0.00939970
10.03384582,-0.00939970
10.04384582,-0.00939970
10.05384582,-0.00939970
10.06384582,-0.00939970
10.07384582,-0.00939970
10.08384582,-0.00033570
10.09384582,-0.00939970
10.10384582,-0.00033570
10.11384582,-0.00939970
10.12384582,-0.01843318
10.13384582,-0.00939970
10.14384582,-0.00939970
10.15384582,-0.00939970
10.16384582,-0.00939970
10.17384582,-0.00939970
10.18384582,-0.00939970
10.19384582,-0.00939970
10.20384582,-0.00939970
10.21384582,-0.00033570
10.22384582,-0.00033570
10.23384582,-0.00939970
10.24384582,-0.00939970
10.25384582,-0.00939970
10.26384582,-0.00939970
10.27384582,-0.00939970
10.28384582,-0.00939970
10.29384582,-0.00939970
10.30384582,-0.00939970
10.31384582,-0.00939970
10.32384582,-0.00939970
10.33384582,-0.00939970
10.34384582,-0.00939970
10.35384582,-0.00939970
10.36384582,-0.00939970
10.37384582,-0.00939970
10.38384582,-0.00939970
10.39384582,-0.00033570
10.40384582,-0.00939970
10.41384582,-0.00939970
10.42384582,-0.00939970
10.43384582,-0.00939970
10.44384582,-0.01843318
10.45384582,-0.01843318
10.46384582,-0.00939970
10.47384582,-0.00939970
10.48384582,-0.00939970
10.49384582,-0.00033570
10.50384582,-0.00939970
10.51384582,-0.00033570
10.52384582,-0.00033570
10.53384582,-0.00939970
10.54384582,-0.00939970
10.55384582,-0.00939970
10.56384582,-0.00939970
10.57384582,-0.00939970
10.58384582,-0.00033570
10.59384582,-0.00033570
10.60384582,-0.00939970
10.61384582,-0.00939970
10.62384582,-0.00939970
10.63384582,-0.00939970
10.64384582,-0.00033570
10.65384582,-0.00939970
10.66384582,-0.00939970
10.67384582,-0.00939970
10.68384582,-0.00939970
10.69384582,-0.00033570
10.70384582,-0.00939970
10.71384582,-0.00033570
10.72384582,0.00869778
10.73384582,0.00869778
10.74384582,-0.00939970
10.75384582,-0.01843318
10.76384582,-0.02746666
10.77384582,-0.01843318
10.78384582,-0.01843318
10.79384582,-0.00939970
10.80384582,-0.00033570
10.81384582,-0.00033570
10.82384582,-0.00033570
10.83384582,-0.00939970
10.84384582,-0.00939970
10.85384582,-0.00939970
10.86384581,-0.00939970
10.87384581,-0.01843318
10.88384581,-0.01843318
10.89384581,-0.03653065
10.90384581,-0.01843318
10.91384581,-0.00033570
10.92384581,0.00869778
10.93384581,0.01776177
10.94384581,-0.00033570
10.95384581,-0.00939970
10.96384581,-0.00939970
10.97384581,-0.00939970
10.98384581,-0.00939970
10.99384581,-0.00939970
11.00384581,-0.01843318
11.01384581,-0.01843318
11.02384581,-0.00939970
11.03384581,-0.00939970
11.04384581,-0.00939970
11.05384581,-0.00033570
11.06384581,-0.00033570
11.07384581,-0.00033570
11.08384581,-0.00939970
11.09384581,-0.00939970
11.10384581,-0.00939970
11.11384581,-0.00939970
11.12384581,-0.00939970
11.13384581,-0.00939970
11.14384581,-0.01843318
11.15384581,-0.00033570
11.16384581,-0.00033570
11.17384581,-0.00939970
11.18384581,-0.00939970
11.19384581,-0.01843318
11.20384581,-0.00939970
11.21384581,-0.01843318
11.22384581,-0.00939970
11.23384581,-0.00939970
11.24384581,-0.00939970
11.25384581,-0.00033570
11.26384581,-0.00939970
11.27384581,-0.00939970
11.28384581,-0.00939970
11.29384581,-0.00033570
11.30384581,-0.00939970
11.31384581,-0.00939970
11.32384581,-0.00939970
11.33384581,-0.00939970
11.34384581,-0.01843318
11.35384581,-0.00939970
11.36384581,-0.00939970
11.37384581,-0.00939970
11.38384581,-0.00939970
11.39384581,-0.00939970
11.40384581,-0.00939970
11.41384581,-0.00939970
11.42384581,-0.00939970
11.43384581,-0.00939970
11.44384581,-0.00033570
11.45384581,-0.00939970
11.46384581,-0.00939970
11.47384581,-0.00939970
11.48384581,-0.00939970
11.49384581,-0.00939970
11.50384581,-0.00939970
11.51384581,-0.00939970
11.52384581,-0.00033570
11.53384581,-0.00939970
11.54384581,-0.00939970
11.55384581,-0.00939970
11.56384581,-0.00939970
11.57384581,-0.00939970
11.58384581,-0.00939970
11.59384581,-0.00033570
11.60384581,-0.00939970
11.61384581,-0.00939970
11.62384581,-0.00939970
11.63384581,-0.00939970
11.64384581,-0.00939970
11.65384581,-0.00939970
11.66384581,-0.00939970
11.67384581,-0.00939970
11.68384581,-0.00033570
11.69384581,-0.00939970
11.70384581,-0.00939970
11.71384581,-0.00939970
11.72384581,-0.00939970
11.73384581,-0.00939970
11.74384581,-0.00939970
11.75384581,-0.01843318
11.76384581,-0.01843318
11.77384581,-0.00939970
11.78384581,-0.00939970
11.79384581,-0.00939970
11.80384581,-0.00033570
11.81384581,-0.00033570
11.82384581,-0.00033570
11.83384581,-0.00033570
11.84384581,-0.00033570
11.85384581,-0.00939970
11.86384581,-0.00939970
11.87384581,-0.00939970
11.88384581,-0.00939970
11.89384581,-0.00939970
11.90384581,-0.00939970
11.91384581,-0.00033570
11.92384581,-0.00939970
11.93384581,-0.00939970
11.94384581,-0.00939970
11.95384581,-0.00033570
11.96384581,-0.00939970
11.97384581,-0.00939970
11.98384581,-0.00939970
11.99384581,-0.00939970
12.00384581,-0.00939970
12.01384581,-0.00939970
12.02384581,-0.00939970
12.03384581,-0.00939970
12.04384581,-0.00939970
12.05384581,-0.00939970
12.06384581,-0.00939970
12.07384581,-0.00939970
12.08384581,-0.00939970
12.09384581,-0.00033570
12.10384581,-0.00939970
12.11384581,-0.01843318
12.12384581,-0.00939970
12.13384581,-0.00939970
12.14384581,-0.00939970
12.15384581,-0.00033570
12.16384581,-0.00939970
12.17384581,-0.00939970
12.18384581,-0.00939970
12.19384581,-0.00939970
12.20384581,-0.00939970
12.21384581,-0.00939970
12.22384581,-0.00939970
12.23384581,-0.00939970
12.24384581,-0.00939970
12.25384581,-0.00939970
12.26384581,-0.00033570
12.27384581,-0.00939970
12.28384581,-0.00939970
12.29384581,-0.00939970
12.30384581,-0.00939970
12.31384581,-0.00939970
12.32384581,-0.00939970
12.33384581,-0.00033570
12.34384581,-0.00939970
12.35384581,-0.00939970
12.36384581,-0.00939970
12.37384581,-0.00939970
12.38384581,-0.00939970
12.39384581,-0.00939970
12.40384581,-0.00939970
12.41384581,-0.00939970
12.42384581,-0.00939970
12.43384581,-0.00939970
12.44384581,-0.00939970
12.45384581,-0.01843318
12.46384581,-0.00939970
12.47384581,-0.01843318
12.48384581,-0.00939970
12.49384581,-0.00939970
12.50384580,-0.00939970
12.51384580,-0.00033570
12.52384580,-0.00939970
12.53384580,-0.00939970
12.54384580,-0.00939970
12.55384580,-0.00939970
12.56384580,-0.01843318
12.57384580,-0.01843318
12.58384580,-0.01843318
12.59384580,-0.00939970
12.60384580,-0.00939970
12.61384580,-0.00939970
12.62384580,-0.00939970
12.63384580,-0.00033570
12.64384580,-0.00939970
12.65384580,-0.00033570
12.66384580,-0.00939970
12.67384580,-0.00939970
12.68384580,-0.00939970
12.69384580,-0.00939970
12.70384580,-0.01843318
12.71384580,-0.01843318
12.72384580,-0.01843318
12.73384580,-0.00939970
12.74384580,-0.00939970
12.75384580,-0.00939970
12.76384580,-0.00939970
12.77384580,-0.00939970
12.78384580,-0.00033570
12.79384580,-0.00939970
12.80384580,-0.00939970
12.81384580,-0.00033570
12.82384580,-0.00033570
12.83384580,-0.00939970
12.84384580,-0.00939970
12.85384580,-0.00939970
12.86384580,-0.00939970
12.87384580,-0.00939970
12.88384580,-0.00033570
12.89384580,-0.00939970
12.90384580,-0.00939970
12.91384580,-0.00939970
12.92384580,-0.00939970
12.93384580,-0.00939970
12.94384580,-0.01843318
12.95384580,-0.01843318
12.96384580,-0.01843318
12.97384580,-0.00939970
12.98384580,-0.00939970
12.99384580,-0.00939970
13.00384580,-0.00939970
13.01384580,-0.00033570
13.02384580,-0.00033570
13.03384580,-0.00939970
13.04384580,-0.00939970
13.05384580,-0.00939970
13.06384580,-0.00939970
13.07384580,-0.01843318
13.08384580,-0.00939970
13.09384580,-0.00939970
13.10384580,-0.00939970
13.11384580,-0.00939970
13.12384580,-0.00939970
13.13384580,-0.00939970
13.14384580,-0.00939970
13.15384580,-0.00939970
13.16384580,-0.00939970
13.17384580,-0.00939970
13.18384580,-0.00939970
13.19384580,-0.00939970
13.20384580,-0.00939970
13.21384580,-0.00939970
13.22384580,-0.00939970
13.23384580,-0.00939970
13.24384580,-0.00939970
13.25384580,-0.00939970
13.26384580,-0.00939970
13.27384580,-0.00939970
13.28384580,-0.00033570
13.29384580,-0.00939970
13.30384580,-0.00939970
13.31384580,-0.00939970
13.32384580,-0.00033570
13.33384580,-0.00939970
13.34384580,-0.00939970
13.35384580,-0.01843318
13.36384580,-0.01843318
13.37384580,-0.01843318
13.38384580,-0.00939970
13.39384580,-0.00939970
13.40384580,-0.00939970
13.41384580,-0.00939970
13.42384580,-0.00939970
13.43384580,-0.00033570
13.44384580,-0.00033570
13.45384580,-0.00939970
13.46384580,-0.00939970
13.47384580,-0.00939970
13.48384580,-0.00939970
13.49384580,-0.00939970
13.50384580,-0.00939970
13.51384580,-0.00939970
13.52384580,-0.00033570
13.53384580,-0.00939970
13.54384580,-0.00033570
13.55384580,-0.00939970
13.56384580,-0.00939970
13.57384580,-0.00033570
13.58384580,-0.00033570
13.59384580,-0.00939970
13.60384580,-0.00939970
13.61384580,-0.00939970
13.62384580,-0.00939970
13.63384580,-0.00939970
13.64384580,-0.00939970
13.65384580,-0.00939970
13.66384580,-0.00033570
13.67384580,-0.00939970
13.68384580,-0.00033570
13.69384580,-0.00939970
13.70384580,-0.00939970
13.71384580,-0.00939970
13.72384580,-0.00939970
13.73384580,-0.00939970
13.74384580,-0.00939970
13.75384580,-0.01843318
13.76384580,-0.00939970
13.77384580,-0.00939970
13.78384580,-0.00939970
13.79384580,-0.00939970
13.80384580,-0.00033570
13.81384580,-0.00033570
13.82384580,-0.00939970
13.83384580,-0.00033570
13.84384580,-0.00939970
13.85384580,-0.00033570
13.86384580,-0.00033570
13.87384580,-0.00939970
13.88384580,-0.00939970
13.89384580,-0.00939970
13.90384580,-0.00939970
13.91384580,-0.00939970
13.92384580,-0.00033570
13.93384580,-0.00033570
13.94384580,-0.00033570
13.95384580,-0.00939970
13.96384580,-0.00939970
13.97384580,-0.00033570
13.98384580,-0.00033570
13.99384580,-0.00939970
14.00384580,-0.00939970
14.01384580,-0.00939970
14.02384580,-0.00939970
14.03384580,-0.00939970
14.04384580,-0.00939970
14.05384580,-0.00939970
14.06384580,-0.00033570
14.07384580,-0.00939970
14.08384580,-0.00939970
14.09384580,-0.00033570
14.10384580,-0.00939970
14.11384580,-0.00939970
14.12384580,-0.00939970
14.13384580,-0.00033570
14.14384580,-0.00939970
14.15384579,-0.00939970
14.16384579,-0.00939970
14.17384579,-0.00939970
14.18384579,-0.00033570
14.19384579,-0.01843318
14.20384579,-0.00939970
14.21384579,-0.01843318
14.22384579,-0.00939970
14.23384579,-0.00939970
14.24384579,-0.00939970
14.25384579,-0.00033570
14.26384579,-0.00033570
14.27384579,-0.00939970
14.28384579,-0.00939970
14.29384579,-0.00939970
14.30384579,-0.00939970
14.31384579,-0.00033570
14.32384579,-0.00939970
14.33384579,-0.00939970
14.34384579,-0.00939970
14.35384579,-0.00033570
14.36384579,-0.00033570
14.37384579,-0.00939970
14.38384579,-0.00033570
14.39384579,-0.00939970
14.40384579,-0.00939970
14.41384579,-0.00939970
14.42384579,-0.00033570
14.43384579,-0.00939970
14.44384579,-0.00939970
14.45384579,-0.00033570
14.46384579,-0.00939970
14.47384579,-0.00939970
14.48384579,-0.00033570
14.49384579,-0.00033570
14.50384579,-0.00033570
14.51384579,-0.00939970
14.52384579,-0.00939970
14.53384579,-0.00939970
14.54384579,-0.00939970
14.55384579,-0.00939970
14.56384579,-0.00939970
14.57384579,-0.00939970
14.58384579,-0.00033570
14.59384579,-0.00939970
14.60384579,-0.00939970
14.61384579,-0.00939970
14.62384579,-0.00033570
14.63384579,-0.00939970
14.64384579,-0.00033570
14.65384579,-0.00939970
14.66384579,-0.00939970
14.67384579,-0.00033570
14.68384579,-0.00939970
14.69384579,-0.00939970
14.70384579,-0.00939970
14.71384579,-0.00939970
14.72384579,-0.00939970
14.73384579,-0.00939970
14.74384579,-0.00939970
14.75384579,-0.00939970
14.76384579,-0.00033570
14.77384579,-0.00033570
14.78384579,-0.01843318
14.79384579,-0.01843318
14.80384579,-0.00033570
14.81384579,-0.00033570
14.82384579,0.00869778
14.83384579,-0.00033570
14.84384579,-0.00939970
14.85384579,-0.00033570
14.86384579,-0.00033570
14.87384579,-0.00033570
14.88384579,-0.00939970
14.89384579,-0.00939970
14.90384579,-0.01843318
14.91384579,-0.00939970
14.92384579,-0.01843318
14.93384579,-0.00939970
14.94384579,-0.00033570
14.95384579,0.00869778
14.96384579,0.00869778
14.97384579,-0.00939970
14.98384579,-0.01843318
14.99384579,-0.01843318
15.00384579,-0.00939970
15.01384579,-0.00939970
15.02384579,-0.00939970
15.03384579,-0.01843318
15.04384579,-0.00939970
15.05384579,-0.00033570
15.06384579,-0.00033570
15.07384579,-0.00033570
15.08384579,-0.00033570
15.09384579,-0.00033570
15.10384579,-0.00939970
15.11384579,-0.00939970
15.12384579,-0.00033570
15.13384579,-0.00939970
15.14384579,-0.00033570
15.15384579,-0.00939970
15.16384579,-0.00939970
15.17384579,-0.00939970
15.18384579,-0.00033570
15.19384579,-0.00033570
15.20384579,-0.00939970
15.21384579,-0.00939970
15.22384579,-0.00033570
15.23384579,-0.00939970
15.24384579,-0.00939970
15.25384579,-0.00939970
15.26384579,-0.00939970
15.27384579,-0.00939970
15.28384579,-0.00033570
15.29384579,-0.00939970
15.30384579,-0.00033570
15.31384579,-0.00033570
15.32384579,-0.00939970
15.33384579,-0.00033570
15.34384579,-0.00939970
15.35384579,-0.00939970
15.36384579,-0.00939970
15.37384579,-0.00033570
15.38384579,-0.00939970
15.39384579,-0.00939970
15.40384579,-0.00033570
15.41384579,-0.00033570
15.42384579,-0.00033570
15.43384579,-0.00033570
15.44384579,-0.00939970
15.45384579,-0.00033570
15.46384579,-0.00939970
15.47384579,-0.00033570
15.48384579,-0.00033570
15.49384579,-0.00033570
15.50384579,-0.00033570
15.51384579,-0.00939970
15.52384579,-0.01843318
15.53384579,-0.01843318
15.54384579,-0.00939970
15.55384579,-0.00939970
15.56384579,-0.00939970
15.57384579,-0.00033570
15.58384579,-0.00033570
15.59384579,-0.00033570
15.60384579,-0.00033570
15.61384579,-0.00939970
15.62384579,-0.00033570
15.63384579,-0.00939970
15.64384579,-0.00939970
15.65384579,-0.00939970
15.66384579,-0.00939970
15.67384579,-0.00033570
15.68384579,-0.00939970
15.69384579,-0.00939970
15.70384579,-0.00033570
15.71384579,-0.00939970
15.72384579,-0.00939970
15.73384579,-0.00033570
15.74384579,-0.00033570
15.75384579,-0.00033570
15.76384579,-0.00033570
15.77384579,-0.00033570
15.78384579,-0.00033570
15.79384578,-0.00939970
15.80384578,-0.00939970
15.81384578,-0.00939970
15.82384578,-0.00033570
15.83384578,-0.00939970
15.84384578,-0.00033570
15.85384578,-0.00033570
15.86384578,-0.00033570
15.87384578,-0.00939970
15.88384578,-0.00939970
15.89384578,-0.00939970
15.90384578,-0.00939970
15.91384578,-0.00939970
15.92384578,-0.00033570
15.93384578,-0.00939970
15.94384578,-0.00033570
15.95384578,-0.00939970
15.96384578,-0.00033570
15.97384578,-0.00033570
15.98384578,-0.00939970
15.99384578,-0.00033570
16.00384578,-0.00033570
16.01384578,-0.00033570
16.02384578,-0.00033570
16.03384578,-0.00033570
16.04384578,-0.00939970
16.05384578,-0.00939970
16.06384578,-0.00939970
16.07384578,-0.00033570
16.08384578,-0.00939970
16.09384578,-0.00939970
16.10384578,-0.00033570
16.11384578,-0.00939970
16.12384578,-0.00939970
16.13384578,-0.00939970
16.14384578,-0.00033570
16.15384578,-0.00939970
16.16384578,-0.00033570
16.17384578,-0.00033570
16.18384578,-0.00033570
16.19384578,-0.00033570
16.20384578,-0.00033570
16.21384578,-0.00939970
16.22384578,-0.00939970
16.23384578,-0.00033570
16.24384578,-0.00939970
16.25384578,-0.00033570
16.26384578,-0.00939970
16.27384578,-0.00939970
16.28384578,-0.00033570
16.29384578,-0.00033570
16.30384578,-0.00033570
16.31384578,-0.00033570
16.32384578,-0.00033570
16.33384578,-0.00033570
16.34384578,-0.00033570
16.35384578,-0.00939970
16.36384578,-0.00939970
16.37384578,-0.00939970
16.38384578,-0.00033570
16.39384578,-0.00939970
16.40384578,-0.00033570
16.41384578,-0.00033570
16.42384578,-0.00033570
16.43384578,-0.00033570
16.44384578,-0.00033570
16.45384578,-0.00033570
16.46384578,-0.00033570
16.47384578,-0.00033570
16.48384578,-0.00033570
16.49384578,-0.00939970
16.50384578,-0.00939970
16.51384578,-0.00939970
16.52384578,-0.00939970
16.53384578,-0.00939970
16.54384578,-0.00033570
16.55384578,-0.00939970
16.56384578,-0.00033570
16.57384578,-0.00033570
16.58384578,-0.00033570
16.59384578,-0.00033570
16.60384578,-0.00033570
16.61384578,-0.00939970
16.62384578,-0.00033570
16.63384578,0.00869778
16.64384578,0.01776177
16.65384578,0.00869778
16.66384578,-0.00939970
16.67384578,-0.01843318
16.68384578,-0.01843318
16.69384578,-0.01843318
16.70384578,-0.00033570
16.71384578,-0.00033570
16.72384578,-0.00939970
16.73384578,-0.00939970
16.74384578,-0.00033570
16.75384578,-0.00939970
16.76384578,-0.00033570
16.77384578,-0.00033570
16.78384578,-0.00033570
16.79384578,-0.01843318
16.80384578,-0.02746666
16.81384578,-0.02746666
16.82384578,-0.01843318
16.83384578,0.00869778
16.84384578,0.01776177
16.85384578,0.01776177
16.86384578,-0.00033570
16.87384578,-0.00033570
16.88384578,-0.00033570
16.89384578,-0.00033570
16.90384578,-0.00033570
16.91384578,-0.00939970
16.92384578,-0.00939970
16.93384578,-0.00939970
16.94384578,-0.00939970
16.95384578,-0.00939970
16.96384578,-0.00033570
16.97384578,-0.00033570
16.98384578,-0.00033570
16.99384578,-0.00939970
17.00384578,-0.01843318
17.01384578,-0.00939970
17.02384578,-0.00939970
17.03384578,-0.00939970
17.04384578,-0.00939970
17.05384578,-0.00939970
17.06384578,-0.00033570
17.07384578,-0.00033570
17.08384578,-0.00033570
17.09384578,-0.00033570
17.10384578,-0.00939970
17.11384578,-0.00939970
17.12384578,-0.00939970
17.13384578,-0.00033570
17.14384578,-0.00033570
17.15384578,-0.00033570
17.16384578,-0.00033570
17.17384578,-0.00033570
17.18384578,-0.00033570
17.19384578,-0.00033570
17.20384578,-0.00033570
17.21384578,-0.00939970
17.22384578,-0.00939970
17.23384578,-0.00939970
17.24384578,-0.00939970
17.25384578,-0.00033570
17.26384578,-0.00033570
17.27384578,-0.00033570
17.28384578,-0.00033570
17.29384578,-0.00033570
17.30384578,-0.00033570
17.31384578,-0.00033570
17.32384578,-0.00033570
17.33384578,-0.00033570
17.34384578,-0.00939970
17.35384578,-0.00939970
17.36384578,-0.00939970
17.37384578,-0.00033570
17.38384578,-0.00939970
17.39384578,-0.00939970
17.40384578,-0.00033570
17.41384578,-0.00033570
17.42384578,-0.00939970
17.43384578,-0.00033570
17.44384577,-0.00033570
17.45384577,-0.00033570
17.46384577,-0.00033570
17.47384577,-0.00033570
17.48384577,-0.00939970
17.49384577,-0.00033570
17.50384577,-0.00033570
17.51384577,-0.00033570
17.52384577,-0.00033570
17.53384577,-0.00033570
17.54384577,-0.00033570
17.55384577,-0.00033570
17.56384577,-0.00033570
17.57384577,-0.00033570
17.58384577,-0.00033570
17.59384577,-0.00033570
17.60384577,-0.00033570
17.61384577,-0.00033570
17.62384577,-0.00939970
17.63384577,-0.00033570
17.64384577,-0.00033570
17.65384577,-0.00033570
17.66384577,-0.00033570
17.67384577,-0.00939970
17.68384577,-0.00033570
17.69384577,-0.00033570
17.70384577,-0.00033570
17.71384577,-0.00033570
17.72384577,-0.00939970
17.73384577,-0.00939970
17.74384577,-0.00033570
17.75384577,-0.00939970
17.76384577,-0.00939970
17.77384577,-0.00033570
17.78384577,-0.00033570
17.79384577,-0.00033570
17.80384577,-0.00939970
17.81384577,-0.00939970
17.82384577,-0.00033570
17.83384577,-0.00939970
17.84384577,-0.00939970
17.85384577,-0.00939970
17.86384577,-0.00033570
17.87384577,-0.00033570
17.88384577,-0.00033570
17.89384577,-0.00033570
17.90384577,-0.00033570
17.91384577,-0.00939970
17.92384577,-0.00033570
17.93384577,-0.00939970
17.94384577,-0.00939970
17.95384577,-0.00939970
17.96384577,-0.00939970
17.97384577,-0.00939970
17.98384577,-0.00939970
17.99384577,-0.00939970
18.00384577,-0.00033570
